0 0.781250 0.953125 0.055000 0.031250
0 0.059375 0.479375 0.043750 0.036250
0 0.147500 0.472500 0.047500 0.047500
0 0.323125 0.370625 0.026250 0.031250
0 0.116875 0.689375 0.061250 0.031250
0 0.568750 0.541875 0.030000 0.038750
0 0.593750 0.908125 0.040000 0.041250
0 0.955000 0.618125 0.035000 0.048750
0 0.101250 0.841875 0.062500 0.041250
0 0.683750 0.370000 0.032500 0.045000
0 0.568750 0.828125 0.035000 0.041250
0 0.808125 0.615625 0.036250 0.031250
0 0.062500 0.558125 0.047500 0.041250
0 0.276250 0.946875 0.057500 0.036250
0 0.330000 0.696875 0.045000 0.043750
0 0.818125 0.676875 0.036250 0.046250
