0 0.48875 0.626875 0.025 0.01625
0 0.35 0.36125 0.025 0.0175
0 0.40375 0.63375 0.03 0.02
0 0.44125 0.6325 0.0225 0.02
0 0.801875 0.61125 0.03125 0.0425
0 0.16625 0.460625 0.045 0.04625
0 0.94 0.6025 0.04 0.04
0 0.58625 0.55375 0.03 0.03
0 0.0225 0.719375 0.035 0.04375
0 0.38125 0.98 0.0375 0.0375
0 0.138125 0.66875 0.06125 0.0325
0 0.085625 0.85375 0.06375 0.0425
0 0.07875 0.46125 0.0425 0.0425
0 0.35 0.6775 0.045 0.045
0 0.30125 0.9225 0.055 0.0375
0 0.57875 0.933125 0.04 0.05125
0 0.1125 0.54625 0.0325 0.045
0 0.6975 0.356875 0.0325 0.04625
0 0.58875 0.806875 0.035 0.03875
0 0.85375 0.974375 0.0625 0.05125
0 0.83125 0.633125 0.04 0.05125
