0 0.19625 0.449375 0.035 0.04375
0 0.4275 0.61875 0.0375 0.0175
0 0.468125 0.616875 0.02875 0.02125
0 0.79 0.599375 0.035 0.04125
0 0.095625 0.874375 0.05875 0.04375
0 0.61625 0.57875 0.025 0.035
0 0.105 0.451875 0.0375 0.04125
0 0.56 0.96375 0.05 0.0475
0 0.16875 0.654375 0.0575 0.03125
0 0.17625 0.534375 0.0375 0.04125
0 0.72 0.346875 0.03 0.04375
0 0.4475 0.964375 0.0375 0.04625
0 0.0425 0.685625 0.0675 0.05125
0 0.618125 0.791875 0.03875 0.03875
0 0.33875 0.90375 0.05 0.0325
0 0.930625 0.595 0.04625 0.045
0 0.37875 0.665 0.04 0.0425
0 0.84125 0.589375 0.0375 0.05375
