0 0.360000 0.536250 0.015000 0.030000
0 0.545625 0.609375 0.028750 0.018750
0 0.665000 0.995000 0.037500 0.010000
0 0.223125 0.445000 0.038750 0.045000
0 0.458750 0.611250 0.030000 0.017500
0 0.498125 0.613125 0.021250 0.021250
0 0.636875 0.603750 0.033750 0.027500
0 0.922500 0.584375 0.040000 0.041250
0 0.199375 0.647500 0.058750 0.032500
0 0.781250 0.598125 0.030000 0.046250
0 0.126250 0.908750 0.065000 0.042500
0 0.232500 0.537500 0.035000 0.035000
0 0.649375 0.783750 0.036250 0.040000
0 0.745625 0.341250 0.033750 0.047500
0 0.409375 0.660000 0.038750 0.040000
0 0.132500 0.446875 0.042500 0.041250
0 0.558750 0.951875 0.055000 0.048750
0 0.088125 0.646875 0.058750 0.051250
0 0.374375 0.894375 0.048750 0.033750
0 0.836250 0.558750 0.032500 0.052500
