0 0.581250 0.583125 0.027500 0.018750
0 0.396250 0.510625 0.017500 0.033750
0 0.491250 0.588750 0.030000 0.020000
0 0.530625 0.588750 0.023750 0.022500
0 0.165000 0.427500 0.037500 0.042500
0 0.770625 0.325625 0.036250 0.046250
0 0.584375 0.947500 0.041250 0.050000
0 0.838750 0.546250 0.030000 0.042500
0 0.415000 0.860000 0.047500 0.035000
0 0.300000 0.546875 0.035000 0.033750
0 0.810000 0.591250 0.040000 0.027500
0 0.672500 0.613750 0.035000 0.030000
0 0.684375 0.755625 0.041250 0.038750
0 0.240000 0.623125 0.052500 0.031250
0 0.918750 0.536875 0.042500 0.043750
0 0.129375 0.584375 0.053750 0.053750
0 0.442500 0.634375 0.040000 0.043750
0 0.161250 0.923750 0.057500 0.052500
0 0.251250 0.428750 0.037500 0.045000
