0 0.607500 0.568125 0.027500 0.018750
0 0.426250 0.500625 0.020000 0.036250
0 0.833125 0.556875 0.038750 0.028750
0 0.626250 0.975000 0.045000 0.047500
0 0.518750 0.571875 0.030000 0.021250
0 0.558750 0.571875 0.027500 0.023750
0 0.714375 0.738125 0.041250 0.036250
0 0.473125 0.621250 0.036250 0.042500
0 0.870000 0.764375 0.035000 0.056250
0 0.193125 0.416250 0.038750 0.045000
0 0.431250 0.831250 0.062500 0.045000
0 0.331250 0.556875 0.037500 0.028750
0 0.271250 0.608750 0.052500 0.032500
0 0.695625 0.605625 0.033750 0.031250
0 0.835000 0.949375 0.060000 0.043750
0 0.926875 0.510625 0.041250 0.056250
0 0.843750 0.598750 0.035000 0.035000
0 0.793125 0.315000 0.033750 0.045000
0 0.183750 0.545000 0.045000 0.052500
0 0.175625 0.911875 0.076250 0.056250
