0 0.612500 0.940625 0.042500 0.051250
0 0.639375 0.558125 0.026250 0.021250
0 0.312500 0.411250 0.032500 0.040000
0 0.556250 0.563750 0.025000 0.020000
0 0.980000 0.521875 0.037500 0.033750
0 0.264375 0.504375 0.036250 0.053750
0 0.752500 0.728750 0.040000 0.037500
0 0.850000 0.712500 0.045000 0.045000
0 0.460625 0.494375 0.023750 0.038750
0 0.876875 0.590000 0.038750 0.040000
0 0.822500 0.307500 0.035000 0.047500
0 0.223750 0.409375 0.037500 0.041250
0 0.867500 0.548125 0.037500 0.033750
0 0.310625 0.599375 0.048750 0.033750
0 0.378750 0.583125 0.037500 0.031250
0 0.506250 0.612500 0.035000 0.042500
0 0.157500 0.895625 0.070000 0.048750
0 0.443750 0.778750 0.052500 0.040000
0 0.730625 0.572500 0.038750 0.045000
