0 0.301250 0.431875 0.017500 0.041250
0 0.291250 0.384375 0.030000 0.043750
0 0.983750 0.598750 0.032500 0.040000
0 0.267500 0.420625 0.035000 0.043750
0 0.417500 0.227500 0.027500 0.047500
0 0.606875 0.261875 0.028750 0.046250
0 0.133750 0.638125 0.045000 0.043750
0 0.716250 0.285625 0.032500 0.046250
0 0.536875 0.816250 0.041250 0.047500
0 0.286875 0.491875 0.041250 0.043750
0 0.942500 0.584375 0.042500 0.048750
0 0.175000 0.511250 0.050000 0.047500
0 0.492500 0.611250 0.040000 0.050000
0 0.394375 0.960000 0.041250 0.040000
