0 0.04125 0.451875 0.0475 0.04125
0 0.666875 0.9075 0.05125 0.03
0 0.595 0.535 0.025 0.02
0 0.5025 0.469375 0.025 0.04125
0 0.678125 0.53125 0.03125 0.025
0 0.91375 0.5625 0.0375 0.0375
0 0.790625 0.675 0.03625 0.0475
0 0.853125 0.289375 0.03625 0.04375
0 0.265625 0.386875 0.03375 0.04125
0 0.76875 0.539375 0.03 0.04125
0 0.9025 0.52125 0.0375 0.035
0 0.471875 0.60375 0.03125 0.04
0 0.550625 0.583125 0.03125 0.04375
0 0.3575 0.57125 0.0425 0.0325
0 0.845625 0.68875 0.04125 0.0425
0 0.370625 0.456875 0.02875 0.04625
0 0.49625 0.7025 0.035 0.05
0 0.17375 0.869375 0.065 0.04875
