0 0.634375 0.708750 0.036250 0.035000
0 0.351250 0.986250 0.040000 0.022500
0 0.488125 0.208125 0.021250 0.026250
0 0.198125 0.506250 0.038750 0.042500
0 0.421250 0.220625 0.025000 0.033750
0 0.234375 0.443750 0.036250 0.042500
0 0.396250 0.892500 0.055000 0.050000
0 0.940625 0.330000 0.033750 0.037500
0 0.916875 0.610000 0.043750 0.045000
0 0.175625 0.538125 0.041250 0.038750
0 0.965000 0.623125 0.050000 0.041250
0 0.096250 0.665000 0.047500 0.040000
0 0.558125 0.311250 0.031250 0.035000
0 0.258125 0.403750 0.036250 0.040000
0 0.485625 0.124375 0.031250 0.041250
0 0.690000 0.304375 0.030000 0.048750
