0 0.550625 0.630000 0.028750 0.032500
0 0.541250 0.625625 0.032500 0.031250
0 0.716875 0.892500 0.046250 0.032500
0 0.884375 0.285625 0.031250 0.036250
0 0.718750 0.521875 0.032500 0.021250
0 0.540000 0.461250 0.027500 0.040000
0 0.301250 0.380625 0.032500 0.041250
0 0.589375 0.573125 0.031250 0.043750
0 0.828125 0.629375 0.036250 0.046250
0 0.953125 0.551875 0.038750 0.038750
0 0.401250 0.560000 0.042500 0.032500
0 0.410625 0.449375 0.033750 0.046250
0 0.941875 0.510625 0.038750 0.033750
0 0.216250 0.906250 0.062500 0.050000
0 0.805625 0.530625 0.036250 0.041250
0 0.541250 0.670000 0.035000 0.045000
0 0.906250 0.660000 0.045000 0.052500
0 0.083750 0.446875 0.045000 0.038750
