0 0.514375 0.248750 0.023750 0.030000
0 0.461250 0.145625 0.020000 0.023750
0 0.967500 0.383125 0.037500 0.038750
0 0.468750 0.257500 0.025000 0.035000
0 0.422500 0.261875 0.022500 0.023750
0 0.550625 0.388125 0.028750 0.033750
0 0.185625 0.586875 0.043750 0.056250
0 0.673750 0.358750 0.032500 0.050000
0 0.342500 0.280625 0.030000 0.043750
0 0.173125 0.490000 0.043750 0.042500
0 0.804375 0.136250 0.031250 0.047500
0 0.899375 0.670625 0.046250 0.046250
0 0.941250 0.430000 0.045000 0.035000
0 0.065625 0.728750 0.051250 0.040000
0 0.311875 0.961250 0.053750 0.050000
0 0.166875 0.566875 0.048750 0.043750
