0 0.675000 0.525625 0.022500 0.018750
0 0.121875 0.446875 0.031250 0.031250
0 0.363750 0.385625 0.022500 0.036250
0 0.915625 0.288750 0.026250 0.035000
0 0.985000 0.555625 0.030000 0.038750
0 0.453125 0.576875 0.033750 0.038750
0 0.756250 0.525000 0.027500 0.025000
0 0.588125 0.661250 0.033750 0.045000
0 0.861250 0.598125 0.027500 0.048750
0 0.443125 0.462500 0.028750 0.042500
0 0.579375 0.463750 0.028750 0.042500
0 0.628750 0.576875 0.032500 0.043750
0 0.978125 0.515000 0.041250 0.035000
0 0.843125 0.532500 0.036250 0.042500
0 0.978125 0.620625 0.043750 0.048750
0 0.299375 0.838750 0.048750 0.055000
