0 0.500000 0.589375 0.027500 0.021250
0 0.208125 0.397500 0.041250 0.035000
0 0.414375 0.602500 0.033750 0.020000
0 0.453125 0.598750 0.026250 0.022500
0 0.315625 0.715000 0.036250 0.040000
0 0.578125 0.458750 0.023750 0.032500
0 0.615625 0.751250 0.033750 0.037500
0 0.096250 0.933750 0.075000 0.040000
0 0.860000 0.341250 0.035000 0.032500
0 0.412500 0.646875 0.030000 0.038750
0 0.205625 0.431250 0.038750 0.032500
0 0.670625 0.315625 0.028750 0.046250
0 0.959375 0.521250 0.033750 0.045000
0 0.660625 0.817500 0.036250 0.055000
0 0.730625 0.581875 0.038750 0.038750
0 0.066250 0.471250 0.047500 0.045000
0 0.959375 0.685625 0.056250 0.061250
0 0.461250 0.928125 0.055000 0.048750
