0 0.455625 0.636875 0.041250 0.041250
0 0.660625 0.156250 0.018750 0.045000
0 0.275000 0.613750 0.042500 0.035000
0 0.778750 0.521875 0.032500 0.041250
0 0.638125 0.375625 0.026250 0.043750
0 0.730000 0.490000 0.025000 0.042500
0 0.304375 0.428125 0.038750 0.046250
0 0.250625 0.499375 0.041250 0.041250
0 0.262500 0.394375 0.025000 0.036250
0 0.553125 0.268125 0.031250 0.036250
0 0.118125 0.253125 0.036250 0.036250
0 0.467500 0.293125 0.030000 0.051250
0 0.684375 0.487500 0.031250 0.042500
0 0.646875 0.568750 0.028750 0.042500
0 0.719375 0.917500 0.038750 0.045000
0 0.669375 0.950000 0.033750 0.042500
