0 0.300625 0.354375 0.038750 0.038750
0 0.375000 0.256875 0.025000 0.026250
0 0.450625 0.196875 0.021250 0.031250
0 0.188125 0.740000 0.031250 0.040000
0 0.296250 0.380000 0.030000 0.040000
0 0.156250 0.672500 0.042500 0.035000
0 0.426875 0.357500 0.023750 0.042500
0 0.901250 0.630625 0.035000 0.033750
0 0.076250 0.562500 0.047500 0.045000
0 0.628125 0.477500 0.033750 0.047500
0 0.728750 0.212500 0.030000 0.045000
0 0.566875 0.546875 0.028750 0.043750
0 0.100625 0.705000 0.051250 0.042500
0 0.832500 0.826875 0.032500 0.041250
0 0.560000 0.852500 0.037500 0.040000
