0 0.385625 0.394375 0.041250 0.046250
0 0.995000 0.581250 0.010000 0.035000
0 0.028125 0.991250 0.038750 0.017500
0 0.691250 0.541875 0.022500 0.018750
0 0.990000 0.530000 0.020000 0.032500
0 0.773125 0.541250 0.031250 0.027500
0 0.868750 0.583125 0.042500 0.043750
0 0.443750 0.384375 0.025000 0.031250
0 0.601875 0.654375 0.031250 0.046250
0 0.592500 0.475625 0.025000 0.041250
0 0.415625 0.488750 0.041250 0.032500
0 0.651875 0.677500 0.043750 0.040000
0 0.508750 0.585000 0.035000 0.040000
0 0.645625 0.592500 0.031250 0.045000
0 0.362500 0.866250 0.042500 0.042500
0 0.863750 0.546250 0.035000 0.042500
