0 0.896875 0.586875 0.031250 0.036250
0 0.834375 0.976250 0.056250 0.032500
0 0.718750 0.581250 0.022500 0.017500
0 0.613750 0.376875 0.022500 0.033750
0 0.496875 0.423750 0.021250 0.037500
0 0.626250 0.652500 0.035000 0.042500
0 0.802500 0.580000 0.035000 0.022500
0 0.553750 0.628750 0.032500 0.040000
0 0.431875 0.425625 0.028750 0.041250
0 0.617500 0.511250 0.027500 0.042500
0 0.734375 0.717500 0.043750 0.037500
0 0.671875 0.630000 0.031250 0.040000
0 0.930000 0.356875 0.032500 0.036250
0 0.940000 0.620625 0.052500 0.043750
0 0.469375 0.921250 0.041250 0.052500
