0 0.020625 0.895000 0.028750 0.027500
0 0.919375 0.536875 0.033750 0.033750
0 0.380000 0.235625 0.027500 0.023750
0 0.104375 0.761250 0.033750 0.027500
0 0.711875 0.645000 0.031250 0.042500
0 0.903125 0.611250 0.033750 0.035000
0 0.467500 0.100000 0.025000 0.040000
0 0.868125 0.987500 0.038750 0.025000
0 0.328750 0.333750 0.022500 0.025000
0 0.641250 0.267500 0.032500 0.042500
0 0.185000 0.915625 0.037500 0.046250
0 0.378125 0.443750 0.026250 0.042500
0 0.506250 0.914375 0.042500 0.046250
0 0.583125 0.586250 0.031250 0.045000
0 0.530625 0.700000 0.031250 0.040000
0 0.238125 0.468750 0.033750 0.037500
0 0.040000 0.860625 0.062500 0.041250
