0 0.868125 0.988125 0.038750 0.021250
0 0.188750 0.516250 0.040000 0.040000
0 0.390625 0.620625 0.056250 0.031250
0 0.842500 0.604375 0.035000 0.018750
0 0.655000 0.535625 0.030000 0.041250
0 0.505000 0.440000 0.022500 0.027500
0 0.828125 0.780000 0.048750 0.030000
0 0.553750 0.425000 0.027500 0.045000
0 0.642500 0.411875 0.027500 0.026250
0 0.712500 0.652500 0.027500 0.040000
0 0.626250 0.660625 0.035000 0.033750
0 0.798750 0.881875 0.042500 0.043750
0 0.980000 0.626875 0.040000 0.053750
0 0.971875 0.406250 0.043750 0.037500
0 0.519375 0.908125 0.043750 0.053750
0 0.666250 0.655000 0.032500 0.042500
