0 0.031875 0.876250 0.048750 0.030000
0 0.098750 0.515000 0.027500 0.020000
0 0.886875 0.707500 0.038750 0.032500
0 0.785625 0.235625 0.028750 0.033750
0 0.426875 0.160000 0.028750 0.035000
0 0.546875 0.151875 0.023750 0.031250
0 0.871250 0.960000 0.027500 0.035000
0 0.903750 0.626250 0.042500 0.035000
0 0.570625 0.318125 0.033750 0.046250
0 0.311875 0.258125 0.031250 0.036250
0 0.332500 0.513750 0.030000 0.040000
0 0.480000 0.810000 0.032500 0.040000
0 0.543125 0.678750 0.033750 0.042500
0 0.183750 0.540625 0.037500 0.038750
