0 0.121875 0.960000 0.053750 0.040000
0 0.841250 0.310000 0.030000 0.052500
0 0.484375 0.341250 0.021250 0.047500
0 0.385625 0.391250 0.033750 0.032500
0 0.516875 0.358125 0.028750 0.043750
0 0.237500 0.653750 0.047500 0.035000
0 0.421875 0.162500 0.026250 0.045000
0 0.249375 0.760000 0.048750 0.035000
0 0.293125 0.391875 0.031250 0.046250
0 0.291250 0.167500 0.025000 0.045000
0 0.168750 0.711875 0.040000 0.043750
0 0.254375 0.588125 0.038750 0.043750
0 0.964375 0.547500 0.038750 0.042500
0 0.816250 0.446875 0.035000 0.046250
0 0.890625 0.320000 0.026250 0.042500
0 0.770000 0.452500 0.035000 0.042500
0 0.552500 0.367500 0.030000 0.042500
0 0.470625 0.699375 0.038750 0.043750
