0 0.207500 0.547500 0.017500 0.020000
0 0.474375 0.990000 0.038750 0.020000
0 0.121250 0.806875 0.057500 0.056250
0 0.332500 0.321875 0.027500 0.043750
0 0.474375 0.383125 0.028750 0.051250
0 0.371250 0.962500 0.040000 0.052500
0 0.770000 0.343125 0.025000 0.036250
0 0.447500 0.446875 0.025000 0.043750
0 0.160000 0.647500 0.047500 0.045000
0 0.594375 0.325625 0.031250 0.046250
0 0.236875 0.589375 0.041250 0.048750
0 0.211875 0.643750 0.036250 0.037500
0 0.378750 0.315625 0.027500 0.036250
0 0.166250 0.763125 0.047500 0.028750
