0 0.377500 0.992500 0.050000 0.015000
0 0.231250 0.614375 0.040000 0.028750
0 0.369375 0.305000 0.026250 0.042500
0 0.435000 0.325000 0.030000 0.035000
0 0.267500 0.578750 0.037500 0.032500
0 0.301250 0.967500 0.060000 0.045000
0 0.173125 0.610625 0.043750 0.048750
0 0.803125 0.360000 0.028750 0.035000
0 0.413125 0.940625 0.053750 0.046250
0 0.515625 0.373750 0.028750 0.045000
0 0.471875 0.435000 0.026250 0.050000
0 0.615000 0.306250 0.030000 0.045000
0 0.578125 0.797500 0.028750 0.022500
0 0.113125 0.745625 0.053750 0.041250
0 0.162500 0.724375 0.050000 0.041250
