0 0.143125 0.170625 0.023750 0.031250
0 0.432500 0.658125 0.045000 0.043750
0 0.646875 0.165000 0.023750 0.042500
0 0.175625 0.175625 0.028750 0.036250
0 0.491875 0.296250 0.028750 0.042500
0 0.713750 0.498750 0.025000 0.032500
0 0.668125 0.500000 0.028750 0.037500
0 0.535625 0.288125 0.026250 0.041250
0 0.241250 0.406250 0.027500 0.040000
0 0.726875 0.888125 0.046250 0.051250
0 0.647500 0.976875 0.035000 0.041250
0 0.179375 0.354375 0.038750 0.041250
0 0.663125 0.586875 0.048750 0.046250
0 0.283750 0.440000 0.040000 0.050000
0 0.230000 0.517500 0.040000 0.047500
0 0.620000 0.385625 0.027500 0.043750
0 0.248750 0.629375 0.052500 0.041250
