0 0.031875 0.456250 0.038750 0.037500
0 0.277500 0.219375 0.027500 0.048750
0 0.170000 0.261875 0.042500 0.056250
0 0.130000 0.346875 0.027500 0.038750
0 0.464375 0.352500 0.031250 0.037500
0 0.713125 0.848125 0.036250 0.041250
0 0.552500 0.598750 0.040000 0.045000
0 0.169375 0.416875 0.038750 0.036250
0 0.845000 0.907500 0.035000 0.040000
0 0.031875 0.671250 0.051250 0.037500
0 0.629375 0.487500 0.023750 0.037500
0 0.466250 0.967500 0.027500 0.040000
0 0.280000 0.828750 0.047500 0.035000
0 0.417500 0.966875 0.040000 0.036250
0 0.404375 0.913125 0.048750 0.038750
0 0.740625 0.688125 0.036250 0.056250
