0 0.310000 0.901875 0.025000 0.023750
0 0.436250 0.158750 0.035000 0.055000
0 0.374375 0.218125 0.023750 0.038750
0 0.169375 0.333750 0.028750 0.037500
0 0.350000 0.299375 0.032500 0.036250
0 0.706875 0.720000 0.033750 0.042500
0 0.268125 0.340000 0.036250 0.047500
0 0.181250 0.682500 0.052500 0.037500
0 0.344375 0.860625 0.031250 0.033750
0 0.578125 0.887500 0.043750 0.042500
0 0.639375 0.578750 0.036250 0.040000
0 0.725625 0.516875 0.031250 0.041250
0 0.271250 0.766875 0.047500 0.041250
0 0.116250 0.473125 0.042500 0.036250
0 0.025625 0.740625 0.043750 0.046250
0 0.630625 0.325625 0.028750 0.041250
0 0.306250 0.838750 0.045000 0.030000
0 0.548750 0.138750 0.027500 0.050000
0 0.263125 0.252500 0.026250 0.042500
