0 0.414375 0.261875 0.023750 0.036250
0 0.489375 0.296875 0.021250 0.041250
0 0.762500 0.639375 0.052500 0.048750
0 0.236250 0.686250 0.055000 0.042500
0 0.043125 0.414375 0.048750 0.033750
0 0.572500 0.288750 0.027500 0.040000
0 0.223750 0.581875 0.057500 0.046250
0 0.135000 0.506250 0.050000 0.035000
0 0.390625 0.976875 0.056250 0.046250
0 0.811875 0.387500 0.031250 0.045000
0 0.756250 0.311250 0.027500 0.050000
0 0.821250 0.605625 0.037500 0.043750
0 0.198750 0.486875 0.040000 0.058750
0 0.689375 0.738750 0.041250 0.060000
0 0.385000 0.833750 0.050000 0.052500
0 0.568750 0.236250 0.032500 0.042500
0 0.717500 0.218750 0.030000 0.042500
0 0.638125 0.220625 0.021250 0.033750
0 0.638125 0.248750 0.021250 0.037500
