0 0.225625 0.708750 0.038750 0.035000
0 0.415625 0.284375 0.026250 0.031250
0 0.341250 0.795000 0.057500 0.050000
0 0.213750 0.693750 0.052500 0.045000
0 0.796250 0.624375 0.037500 0.058750
0 0.346250 0.833125 0.052500 0.046250
0 0.573125 0.309375 0.028750 0.041250
0 0.190000 0.646250 0.055000 0.035000
0 0.028750 0.442500 0.047500 0.040000
0 0.070000 0.710000 0.030000 0.035000
0 0.813750 0.398125 0.030000 0.046250
0 0.226875 0.474375 0.033750 0.053750
0 0.128750 0.547500 0.050000 0.052500
0 0.722500 0.681250 0.042500 0.057500
0 0.830000 0.613750 0.040000 0.052500
0 0.346875 0.968125 0.048750 0.061250
0 0.604375 0.264375 0.028750 0.041250
0 0.716875 0.253750 0.026250 0.042500
