0 0.415 0.284375 0.0275 0.02875
0 0.67 0.273125 0.025 0.03125
0 0.635 0.2625 0.025 0.0375
0 0.751875 0.185 0.02375 0.04
0 0.748125 0.33125 0.02625 0.04
0 0.21375 0.69125 0.0525 0.0475
0 0.028125 0.48 0.04125 0.0425
0 0.279375 0.4 0.03375 0.0325
0 0.1175 0.679375 0.0375 0.02875
0 0.11875 0.629375 0.05 0.05625
0 0.57375 0.31 0.0275 0.0425
0 0.209375 0.575 0.03625 0.05
0 0.2725 0.449375 0.04 0.05625
0 0.814375 0.3975 0.03375 0.0475
0 0.314375 0.75375 0.04625 0.0675
0 0.35625 0.960625 0.0575 0.06625
0 0.734375 0.5925 0.04375 0.065
0 0.829375 0.6125 0.04375 0.05
0 0.394375 0.793125 0.05375 0.05375
