0 0.060625 0.720625 0.036250 0.018750
0 0.446250 0.743750 0.042500 0.060000
0 0.695625 0.319375 0.031250 0.038750
0 0.284375 0.404375 0.026250 0.041250
0 0.796875 0.401250 0.026250 0.042500
0 0.213750 0.693125 0.052500 0.048750
0 0.489375 0.307500 0.023750 0.042500
0 0.573125 0.310000 0.028750 0.042500
0 0.243750 0.626875 0.045000 0.038750
0 0.827500 0.613750 0.042500 0.047500
0 0.155625 0.547500 0.046250 0.062500
0 0.726875 0.525000 0.033750 0.052500
0 0.667500 0.563125 0.042500 0.053750
0 0.246875 0.426875 0.036250 0.056250
0 0.288125 0.704375 0.046250 0.061250
0 0.736875 0.186875 0.021250 0.031250
0 0.718125 0.251875 0.023750 0.043750
0 0.665625 0.256250 0.023750 0.042500
0 0.638750 0.277500 0.022500 0.045000
