0 0.415625 0.283750 0.026250 0.030000
0 0.706250 0.297500 0.022500 0.037500
0 0.286875 0.406875 0.021250 0.036250
0 0.260000 0.656875 0.037500 0.046250
0 0.692500 0.246250 0.022500 0.040000
0 0.797500 0.423750 0.030000 0.027500
0 0.213125 0.691875 0.053750 0.046250
0 0.489375 0.309375 0.023750 0.043750
0 0.676250 0.314375 0.027500 0.041250
0 0.573125 0.309375 0.028750 0.041250
0 0.283750 0.701875 0.037500 0.058750
0 0.619375 0.582500 0.038750 0.047500
0 0.690000 0.490000 0.042500 0.055000
0 0.216250 0.518750 0.035000 0.052500
0 0.246875 0.426875 0.036250 0.056250
0 0.828750 0.612500 0.045000 0.050000
0 0.363750 0.736875 0.057500 0.063750
0 0.712500 0.203750 0.025000 0.042500
