0 0.960000 0.373750 0.030000 0.040000
0 0.120625 0.186875 0.023750 0.033750
0 0.625625 0.185625 0.023750 0.048750
0 0.220000 0.659375 0.047500 0.036250
0 0.155625 0.191875 0.026250 0.033750
0 0.736250 0.560625 0.032500 0.038750
0 0.690625 0.521875 0.033750 0.051250
0 0.643750 0.526250 0.027500 0.042500
0 0.596875 0.408750 0.026250 0.037500
0 0.200625 0.541875 0.048750 0.043750
0 0.469375 0.311250 0.026250 0.040000
0 0.216875 0.429375 0.028750 0.036250
0 0.253750 0.463750 0.045000 0.052500
0 0.173125 0.391250 0.036250 0.042500
0 0.511875 0.306875 0.031250 0.041250
0 0.733125 0.886875 0.051250 0.048750
0 0.661875 0.593750 0.036250 0.045000
