0 0.394375 0.640625 0.031250 0.018750
0 0.433125 0.640000 0.021250 0.020000
0 0.675000 0.712500 0.037500 0.035000
0 0.210625 0.437500 0.031250 0.022500
0 0.289375 0.803125 0.036250 0.041250
0 0.577500 0.552500 0.027500 0.030000
0 0.073125 0.469375 0.046250 0.041250
0 0.865625 0.457500 0.031250 0.037500
0 0.578750 0.815625 0.032500 0.038750
0 0.238125 0.458750 0.033750 0.035000
0 0.961250 0.607500 0.037500 0.045000
0 0.693750 0.806250 0.037500 0.050000
0 0.349375 0.688125 0.046250 0.048750
0 0.690000 0.362500 0.032500 0.042500
0 0.325000 0.970625 0.072500 0.053750
