0 0.271875 0.411250 0.026250 0.042500
0 0.696875 0.296250 0.023750 0.042500
0 0.672500 0.308750 0.025000 0.042500
0 0.259375 0.501875 0.036250 0.048750
0 0.544375 0.583750 0.051250 0.055000
0 0.563125 0.310000 0.028750 0.042500
0 0.647500 0.458750 0.035000 0.050000
0 0.253125 0.675625 0.046250 0.056250
0 0.205625 0.703125 0.058750 0.048750
0 0.813750 0.620625 0.040000 0.046250
0 0.283750 0.738125 0.052500 0.053750
0 0.234375 0.435000 0.036250 0.057500
0 0.795000 0.459375 0.025000 0.036250
0 0.675625 0.215000 0.018750 0.030000
0 0.688125 0.236875 0.023750 0.041250
