0 0.366250 0.236250 0.025000 0.037500
0 0.725625 0.170625 0.028750 0.041250
0 0.600000 0.204375 0.020000 0.038750
0 0.669375 0.239375 0.028750 0.043750
0 0.427500 0.604375 0.042500 0.051250
0 0.263125 0.686875 0.036250 0.041250
0 0.662500 0.147500 0.025000 0.045000
0 0.260625 0.511875 0.036250 0.041250
0 0.241875 0.745625 0.036250 0.021250
0 0.530000 0.266250 0.027500 0.040000
0 0.620000 0.141250 0.027500 0.037500
0 0.641250 0.254375 0.030000 0.043750
0 0.749375 0.466250 0.028750 0.037500
0 0.125000 0.741250 0.045000 0.042500
0 0.226250 0.711875 0.047500 0.026250
0 0.598125 0.458125 0.028750 0.048750
0 0.442500 0.272500 0.027500 0.050000
0 0.755000 0.623750 0.037500 0.035000
0 0.286875 0.722500 0.046250 0.040000
0 0.218125 0.446250 0.038750 0.052500
0 0.806250 0.200625 0.032500 0.041250
