0 0.746250 0.185625 0.030000 0.046250
0 0.556875 0.219375 0.021250 0.038750
0 0.174375 0.707500 0.036250 0.035000
0 0.624375 0.160000 0.023750 0.042500
0 0.315000 0.252500 0.030000 0.042500
0 0.198125 0.537500 0.041250 0.042500
0 0.200625 0.720000 0.036250 0.035000
0 0.543125 0.169375 0.031250 0.038750
0 0.703750 0.490000 0.027500 0.040000
0 0.070000 0.667500 0.050000 0.042500
0 0.483125 0.281875 0.031250 0.041250
0 0.221250 0.755625 0.055000 0.041250
0 0.178125 0.781875 0.041250 0.023750
0 0.601875 0.268125 0.026250 0.043750
0 0.391250 0.291250 0.030000 0.045000
0 0.157500 0.745625 0.055000 0.031250
0 0.383125 0.560625 0.041250 0.051250
0 0.548125 0.481250 0.031250 0.050000
0 0.708750 0.651875 0.035000 0.031250
0 0.155000 0.471250 0.042500 0.050000
0 0.770000 0.213125 0.032500 0.038750
0 0.333750 0.168750 0.022500 0.042500
