0 0.758125 0.258125 0.026250 0.036250
0 0.541250 0.260000 0.022500 0.037500
0 0.610000 0.196875 0.022500 0.046250
0 0.614375 0.294375 0.023750 0.041250
0 0.465000 0.326875 0.032500 0.038750
0 0.291875 0.295625 0.031250 0.041250
0 0.168750 0.598750 0.045000 0.035000
0 0.503125 0.215000 0.028750 0.042500
0 0.070000 0.610000 0.052500 0.052500
0 0.586250 0.310000 0.030000 0.047500
0 0.092500 0.733125 0.055000 0.041250
0 0.144375 0.852500 0.043750 0.027500
0 0.526875 0.538125 0.031250 0.051250
0 0.124375 0.811250 0.058750 0.027500
0 0.688125 0.544375 0.026250 0.038750
0 0.122500 0.529375 0.042500 0.048750
0 0.166250 0.785000 0.045000 0.040000
0 0.190000 0.823750 0.055000 0.037500
0 0.693125 0.709375 0.033750 0.033750
0 0.384375 0.573125 0.026250 0.046250
