0 0.677500 0.055000 0.022500 0.030000
0 0.781875 0.294375 0.026250 0.036250
0 0.638750 0.330000 0.027500 0.032500
0 0.325000 0.310625 0.030000 0.048750
0 0.524375 0.250625 0.028750 0.041250
0 0.149375 0.626250 0.033750 0.042500
0 0.750625 0.575625 0.028750 0.041250
0 0.563750 0.296875 0.022500 0.041250
0 0.606875 0.230625 0.028750 0.038750
0 0.022500 0.763125 0.035000 0.043750
0 0.620625 0.365625 0.031250 0.036250
0 0.391250 0.379375 0.035000 0.041250
0 0.436875 0.563750 0.031250 0.042500
0 0.151875 0.865625 0.053750 0.028750
0 0.193750 0.647500 0.045000 0.035000
0 0.146875 0.574375 0.046250 0.043750
0 0.171875 0.909375 0.043750 0.031250
0 0.216250 0.878750 0.055000 0.037500
0 0.192500 0.841250 0.040000 0.037500
0 0.557500 0.587500 0.030000 0.045000
0 0.718125 0.591250 0.026250 0.037500
0 0.489375 0.366250 0.033750 0.037500
0 0.721875 0.760625 0.038750 0.033750
