0 0.4375 0.65125 0.0275 0.0375
0 0.556875 0.334375 0.02625 0.04125
0 0.136875 0.91625 0.05625 0.0375
0 0.63125 0.3725 0.0275 0.0425
0 0.12625 0.625625 0.05 0.04125
0 0.721875 0.29375 0.03375 0.045
0 0.17375 0.901875 0.05 0.04625
0 0.173125 0.701875 0.04625 0.03375
0 0.74625 0.621875 0.03 0.03875
0 0.5225 0.2675 0.025 0.045
0 0.14375 0.661875 0.035 0.03375
0 0.60625 0.589375 0.04 0.03875
0 0.703125 0.784375 0.03625 0.04375
0 0.71125 0.639375 0.03 0.03625
0 0.151875 0.970625 0.04625 0.03875
0 0.659375 0.444375 0.03375 0.04625
0 0.479375 0.40625 0.03375 0.0375
0 0.11375 0.845625 0.0525 0.04875
