0 0.514375 0.364375 0.023750 0.041250
0 0.646250 0.324375 0.030000 0.036250
0 0.050625 0.726875 0.056250 0.036250
0 0.625000 0.376875 0.030000 0.043750
0 0.073750 0.970000 0.070000 0.035000
0 0.672500 0.498125 0.037500 0.043750
0 0.116875 0.742500 0.046250 0.035000
0 0.075625 0.784375 0.056250 0.043750
0 0.697500 0.658125 0.025000 0.038750
0 0.495625 0.235625 0.026250 0.048750
0 0.071875 0.667500 0.051250 0.045000
0 0.641250 0.813125 0.030000 0.041250
0 0.660625 0.676875 0.028750 0.036250
0 0.142500 0.583125 0.042500 0.038750
0 0.397500 0.685000 0.037500 0.042500
0 0.432500 0.438125 0.032500 0.036250
0 0.071875 0.895625 0.066250 0.041250
0 0.278125 0.303750 0.026250 0.027500
