0 0.526250 0.654375 0.032500 0.028750
0 0.575625 0.349375 0.033750 0.048750
0 0.380000 0.713125 0.032500 0.041250
0 0.318750 0.250000 0.032500 0.050000
0 0.468125 0.391250 0.026250 0.037500
0 0.473750 0.281875 0.030000 0.031250
0 0.588750 0.851875 0.030000 0.038750
0 0.608750 0.712500 0.027500 0.035000
0 0.033750 0.756250 0.040000 0.042500
0 0.553125 0.406875 0.031250 0.041250
0 0.050625 0.568750 0.051250 0.052500
0 0.383125 0.469375 0.038750 0.036250
0 0.646250 0.691250 0.030000 0.037500
0 0.229375 0.326875 0.026250 0.028750
