0 0.990000 0.375000 0.020000 0.032500
0 0.657500 0.557500 0.022500 0.035000
0 0.599375 0.215000 0.023750 0.047500
0 0.090625 0.203125 0.021250 0.026250
0 0.177500 0.696250 0.055000 0.042500
0 0.219375 0.458750 0.033750 0.035000
0 0.614375 0.563125 0.031250 0.043750
0 0.706250 0.599375 0.032500 0.041250
0 0.849375 0.162500 0.028750 0.050000
0 0.149375 0.448750 0.043750 0.035000
0 0.118750 0.231250 0.035000 0.042500
0 0.567500 0.442500 0.027500 0.037500
0 0.221250 0.500000 0.047500 0.047500
0 0.438125 0.343750 0.026250 0.040000
0 0.937500 0.400625 0.045000 0.046250
0 0.665625 0.595625 0.038750 0.041250
0 0.740000 0.935000 0.050000 0.037500
0 0.481875 0.335625 0.031250 0.046250
0 0.163750 0.579375 0.050000 0.041250
