0 0.593750 0.811250 0.032500 0.030000
0 0.215625 0.493750 0.031250 0.037500
0 0.603125 0.993125 0.028750 0.013750
0 0.363125 0.413750 0.026250 0.037500
0 0.543125 0.448750 0.028750 0.027500
0 0.385000 0.589375 0.037500 0.031250
0 0.406250 0.476875 0.032500 0.038750
0 0.576250 0.699375 0.032500 0.043750
0 0.112500 0.614375 0.047500 0.038750
0 0.663125 0.825625 0.031250 0.036250
0 0.468750 0.181250 0.025000 0.040000
0 0.597500 0.455625 0.025000 0.038750
0 0.435000 0.876250 0.037500 0.050000
0 0.183125 0.509375 0.028750 0.051250
0 0.314375 0.451250 0.043750 0.030000
