0 0.72125 0.85125 0.0325 0.0325
0 0.161875 0.6375 0.04625 0.0375
0 0.643125 0.474375 0.02875 0.04375
0 0.57875 0.526875 0.03 0.03375
0 0.315625 0.495625 0.03875 0.03625
0 0.496875 0.4775 0.02375 0.045
0 0.460625 0.650625 0.03125 0.03625
0 0.020625 0.95875 0.03125 0.04
0 0.26 0.513125 0.0325 0.03875
0 0.285625 0.558125 0.03125 0.03625
0 0.50875 0.1925 0.025 0.0425
0 0.046875 0.925625 0.03875 0.04375
0 0.03125 0.87875 0.0525 0.0425
0 0.66625 0.75875 0.0375 0.0325
0 0.704375 0.725625 0.03375 0.03375
