0 0.268750 0.499375 0.047500 0.046250
0 0.558125 0.206875 0.018750 0.028750
0 0.678750 0.488750 0.030000 0.042500
0 0.536875 0.202500 0.021250 0.042500
0 0.765625 0.878125 0.036250 0.036250
0 0.288125 0.530000 0.036250 0.037500
0 0.630000 0.837500 0.042500 0.045000
0 0.566875 0.465000 0.031250 0.045000
0 0.373750 0.494375 0.035000 0.038750
0 0.616250 0.541875 0.030000 0.033750
0 0.191250 0.656875 0.045000 0.036250
0 0.059375 0.906875 0.058750 0.036250
0 0.745000 0.758750 0.035000 0.035000
0 0.343750 0.622500 0.032500 0.040000
0 0.690625 0.750000 0.041250 0.052500
0 0.069375 0.952500 0.048750 0.042500
0 0.536250 0.668750 0.040000 0.040000
