0 0.168125 0.993125 0.05375 0.01375
0 0.430625 0.573125 0.03375 0.03375
0 0.265625 0.7875 0.04375 0.035
0 0.383125 0.591875 0.03375 0.03625
0 0.650625 0.8025 0.03625 0.0525
0 0.865625 0.908125 0.03625 0.03875
0 0.78375 0.546875 0.03 0.04125
0 0.7375 0.811875 0.0425 0.04375
0 0.70375 0.73875 0.0425 0.045
0 0.62125 0.241875 0.0225 0.04375
0 0.454375 0.701875 0.03375 0.03625
0 0.64875 0.256875 0.025 0.03875
0 0.30375 0.46875 0.045 0.0475
0 0.61875 0.4075 0.035 0.0475
0 0.830625 0.61625 0.04625 0.045
