0 0.826875 0.587500 0.031250 0.040000
0 0.416875 0.635000 0.033750 0.035000
0 0.683750 0.755000 0.030000 0.047500
0 0.889375 0.646875 0.041250 0.033750
0 0.655625 0.271250 0.023750 0.042500
0 0.683125 0.286250 0.026250 0.037500
0 0.853750 0.967500 0.060000 0.047500
0 0.465625 0.700000 0.041250 0.040000
0 0.465000 0.613750 0.035000 0.035000
0 0.618125 0.390625 0.033750 0.051250
0 0.665625 0.814375 0.031250 0.043750
0 0.842500 0.837500 0.052500 0.040000
0 0.328750 0.508750 0.037500 0.050000
0 0.236250 0.891875 0.057500 0.041250
