0 0.41125 0.65875 0.0225 0.015
0 0.050625 0.484375 0.04625 0.04125
0 0.56125 0.83875 0.035 0.04
0 0.561875 0.535 0.03125 0.045
0 0.675625 0.37875 0.03125 0.0425
0 0.663125 0.783125 0.03875 0.04125
0 0.025 0.96875 0.0375 0.0475
0 0.946875 0.6275 0.03875 0.0475
0 0.32125 0.706875 0.045 0.04125
0 0.83375 0.516875 0.0375 0.02875
0 0.24875 0.96375 0.07 0.045
0 0.295 0.860625 0.05 0.03875
0 0.7275 0.833125 0.055 0.04375
0 0.835625 0.825 0.04625 0.0525
0 0.181875 0.48 0.03875 0.0325
0 0.2325 0.465 0.04 0.05
