0 0.991250 0.631250 0.017500 0.052500
0 0.021875 0.721875 0.033750 0.041250
0 0.708125 0.645000 0.028750 0.042500
0 0.356875 0.735000 0.051250 0.032500
0 0.525625 0.553125 0.031250 0.038750
0 0.921875 0.493750 0.033750 0.030000
0 0.941250 0.650625 0.032500 0.043750
0 0.871250 0.482500 0.035000 0.042500
0 0.348750 0.573125 0.037500 0.053750
0 0.686250 0.556875 0.030000 0.048750
0 0.556250 0.325000 0.030000 0.047500
0 0.065000 0.895000 0.057500 0.045000
0 0.824375 0.545000 0.038750 0.040000
0 0.684375 0.211875 0.021250 0.036250
