0 0.40875 0.660625 0.025 0.02125
0 0.25 0.98125 0.06 0.0325
0 0.675 0.379375 0.03 0.04375
0 0.736875 0.813125 0.04375 0.04375
0 0.276875 0.888125 0.04625 0.04125
0 0.17125 0.6625 0.0475 0.0425
0 0.048125 0.486875 0.04625 0.04125
0 0.230625 0.451875 0.03375 0.04875
0 0.815625 0.84375 0.03875 0.04
0 0.644375 0.8025 0.03625 0.035
0 0.55875 0.841875 0.035 0.03875
0 0.945625 0.629375 0.03625 0.04625
0 0.1675 0.481875 0.0475 0.03375
0 0.833125 0.543125 0.03625 0.03375
0 0.5675 0.521875 0.0325 0.04375
0 0.319375 0.708125 0.04625 0.04375
0 0.036875 0.945625 0.05125 0.05125
