0 0.409375 0.660625 0.02625 0.01875
0 0.01875 0.530625 0.025 0.02625
0 0.049375 0.488125 0.04625 0.04125
0 0.613125 0.83625 0.03625 0.0425
0 0.149375 0.485625 0.04125 0.04125
0 0.786875 0.876875 0.04125 0.05125
0 0.085625 0.915 0.05625 0.0475
0 0.674375 0.38 0.03125 0.0425
0 0.55625 0.841875 0.035 0.03875
0 0.16125 0.65875 0.055 0.0425
0 0.944375 0.63125 0.03875 0.0475
0 0.8325 0.5675 0.04 0.035
0 0.240625 0.44375 0.03125 0.0525
0 0.593125 0.5 0.02875 0.05
0 0.26875 0.916875 0.0525 0.04625
0 0.318125 0.708125 0.04625 0.04375
0 0.76625 0.781875 0.04 0.05375
