0 0.410625 0.66375 0.02375 0.0175
0 0.37125 0.6625 0.03 0.0175
0 0.13625 0.675625 0.06 0.02875
0 0.6125 0.8625 0.035 0.045
0 0.13875 0.485625 0.04 0.04625
0 0.04875 0.48875 0.045 0.04
0 0.67375 0.379375 0.03 0.04375
0 0.265625 0.4225 0.02875 0.04
0 0.59625 0.505625 0.03 0.04375
0 0.835625 0.588125 0.03875 0.03125
0 0.5575 0.8425 0.035 0.04
0 0.01875 0.548125 0.0275 0.03625
0 0.790625 0.75 0.04625 0.0425
0 0.945 0.6325 0.0375 0.045
0 0.095625 0.8875 0.05875 0.055
0 0.316875 0.708125 0.04875 0.04375
0 0.756875 0.9175 0.04625 0.0425
0 0.26 0.948125 0.0525 0.04875
