0 0.410625 0.66 0.02375 0.0175
0 0.2925 0.3925 0.02 0.025
0 0.735 0.950625 0.035 0.04375
0 0.0475 0.48375 0.045 0.0425
0 0.101875 0.695625 0.06125 0.03625
0 0.02875 0.57125 0.0425 0.04
0 0.675 0.3775 0.03 0.0425
0 0.613125 0.901875 0.03625 0.04375
0 0.56 0.840625 0.035 0.04125
0 0.14 0.4825 0.045 0.045
0 0.564375 0.526875 0.03125 0.03375
0 0.83 0.604375 0.04 0.04125
0 0.94625 0.62875 0.0375 0.0475
0 0.263125 0.960625 0.05875 0.03875
0 0.320625 0.706875 0.04625 0.04375
0 0.814375 0.716875 0.04375 0.05125
0 0.106875 0.85125 0.05375 0.0525
