0 0.251953 0.629883 0.091406 0.167969
0 0.342969 0.591309 0.079687 0.145508
0 0.474609 0.519043 0.047656 0.108398
0 0.548438 0.505371 0.051562 0.084961
0 0.534375 0.475586 0.039062 0.068359
0 0.164844 0.532227 0.068750 0.101562
0 0.164844 0.459473 0.075000 0.075195
0 0.387109 0.307129 0.024219 0.049805
0 0.429297 0.301758 0.019531 0.050781
0 0.579297 0.312500 0.021094 0.056641
0 0.734766 0.384277 0.042969 0.067383
0 0.858203 0.355957 0.028906 0.057617
0 0.987891 0.427734 0.024219 0.066406
0 0.988281 0.381348 0.023438 0.030273
0 0.630078 0.286133 0.024219 0.060547
0 0.643359 0.271973 0.016406 0.045898
