0 0.940234 0.634766 0.032031 0.048828
0 0.983984 0.612793 0.032031 0.057617
0 0.886719 0.456543 0.029687 0.040039
0 0.793359 0.566895 0.044531 0.040039
0 0.578906 0.617676 0.035937 0.057617
0 0.272266 0.516113 0.044531 0.045898
0 0.956250 0.351562 0.028125 0.044922
0 0.928906 0.255371 0.028125 0.045898
0 0.839844 0.294922 0.023438 0.046875
0 0.757812 0.296875 0.026562 0.044922
0 0.667188 0.479004 0.023438 0.047852
0 0.582031 0.427246 0.028125 0.055664
0 0.544531 0.438477 0.026562 0.050781
0 0.505859 0.451172 0.030469 0.052734
0 0.376172 0.470215 0.038281 0.051758
0 0.267188 0.347168 0.037500 0.041992
0 0.240625 0.343262 0.040625 0.049805
