0 0.635547 0.640137 0.025781 0.040039
0 0.589453 0.677246 0.032031 0.030273
0 0.550391 0.665039 0.032031 0.029297
0 0.440234 0.644043 0.042969 0.036133
0 0.478125 0.508789 0.037500 0.037109
0 0.413672 0.490234 0.039844 0.039062
0 0.435547 0.448730 0.033594 0.032227
0 0.525781 0.350098 0.021875 0.045898
0 0.560547 0.406250 0.028906 0.027344
0 0.660937 0.289062 0.023438 0.041016
0 0.978516 0.326172 0.027344 0.048828
0 0.927344 0.347656 0.037500 0.041016
0 0.946875 0.310547 0.021875 0.044922
0 0.907422 0.301270 0.032031 0.047852
0 0.870313 0.300781 0.031250 0.048828
0 0.864062 0.111328 0.035937 0.039062
0 0.858203 0.087891 0.025781 0.039062
0 0.826172 0.083496 0.024219 0.049805
0 0.558203 0.172852 0.027344 0.052734
0 0.483594 0.180664 0.029687 0.042969
0 0.473828 0.217773 0.033594 0.044922
