0 0.269141 0.701660 0.113281 0.186523
0 0.173047 0.473145 0.060156 0.079102
0 0.351953 0.535645 0.105469 0.127930
0 0.371094 0.507324 0.078125 0.086914
0 0.415234 0.463867 0.046094 0.087891
0 0.251953 0.437500 0.060156 0.072266
0 0.467578 0.404785 0.035156 0.055664
0 0.941406 0.481934 0.039062 0.053711
0 0.935156 0.460449 0.039062 0.055664
0 0.919141 0.416504 0.033594 0.040039
0 0.753125 0.368164 0.039062 0.058594
0 0.808594 0.330078 0.028125 0.056641
0 0.553906 0.291992 0.023438 0.052734
0 0.377734 0.287598 0.022656 0.049805
0 0.399609 0.283691 0.024219 0.045898
0 0.992969 0.315918 0.014063 0.045898
0 0.601562 0.269531 0.018750 0.054688
0 0.614062 0.255371 0.017188 0.047852
0 0.960156 0.941406 0.079687 0.107422
