0 0.808984 0.745117 0.041406 0.044922
0 0.580078 0.660645 0.024219 0.032227
0 0.543359 0.622070 0.030469 0.039062
0 0.516406 0.584961 0.026562 0.046875
0 0.491016 0.659180 0.036719 0.029297
0 0.379688 0.663086 0.054688 0.031250
0 0.220703 0.592773 0.036719 0.060547
0 0.310547 0.451172 0.041406 0.033203
0 0.566797 0.344727 0.032031 0.041016
0 0.565625 0.276855 0.028125 0.051758
0 0.364453 0.240723 0.038281 0.034180
0 0.976562 0.305176 0.028125 0.043945
0 0.874609 0.256348 0.025781 0.053711
0 0.842578 0.250488 0.021094 0.053711
0 0.803906 0.245117 0.026562 0.048828
0 0.767969 0.249023 0.026562 0.046875
0 0.625781 0.165039 0.029687 0.039062
0 0.671094 0.048828 0.021875 0.046875
0 0.701562 0.052246 0.020313 0.047852
0 0.730078 0.054199 0.017969 0.045898
0 0.447656 0.186523 0.029687 0.048828
0 0.372266 0.206543 0.036719 0.041992
0 0.791797 0.362793 0.035156 0.020508
