0 0.775391 0.737305 0.033594 0.056641
0 0.844141 0.729492 0.039844 0.068359
0 0.385937 0.783203 0.056250 0.033203
0 0.321094 0.782227 0.060937 0.029297
0 0.237500 0.751953 0.070312 0.060547
0 0.091406 0.768555 0.065625 0.046875
0 0.255859 0.347168 0.039844 0.041992
0 0.724219 0.547363 0.032813 0.051758
0 0.772266 0.479492 0.032031 0.052734
0 0.644531 0.447754 0.034375 0.047852
0 0.675781 0.381836 0.026562 0.052734
0 0.711328 0.381836 0.022656 0.052734
0 0.853906 0.221680 0.026562 0.037109
0 0.521875 0.371582 0.032813 0.047852
0 0.446094 0.321777 0.045312 0.047852
0 0.408984 0.270020 0.030469 0.045898
0 0.477734 0.247070 0.032031 0.048828
