0 0.158203 0.774902 0.041406 0.043945
0 0.407422 0.621582 0.044531 0.028320
0 0.469141 0.671875 0.039844 0.035156
0 0.285547 0.428711 0.047656 0.044922
0 0.360547 0.279785 0.036719 0.041992
0 0.367188 0.242676 0.037500 0.036133
0 0.444141 0.221680 0.033594 0.052734
0 0.824609 0.850098 0.028906 0.049805
0 0.526563 0.719238 0.039062 0.028320
0 0.580859 0.695801 0.030469 0.038086
0 0.521094 0.639160 0.026562 0.034180
0 0.483203 0.532715 0.032031 0.032227
0 0.562891 0.319824 0.024219 0.045898
0 0.617969 0.306641 0.039062 0.046875
0 0.719531 0.195801 0.026562 0.032227
0 0.671484 0.095703 0.025781 0.050781
0 0.700781 0.086426 0.020313 0.051758
0 0.731641 0.086914 0.021094 0.046875
0 0.918750 0.147461 0.034375 0.042969
0 0.767188 0.291992 0.029687 0.046875
0 0.804688 0.288574 0.029687 0.047852
0 0.842187 0.292969 0.018750 0.060547
0 0.876172 0.299316 0.027344 0.059570
0 0.980078 0.351562 0.028906 0.042969
0 0.731641 0.467773 0.028906 0.041016
