0 0.729688 0.847656 0.029687 0.054688
0 0.787500 0.934570 0.035937 0.054688
0 0.839844 0.933105 0.032813 0.047852
0 0.708984 0.552734 0.032031 0.042969
0 0.702734 0.492676 0.030469 0.034180
0 0.903906 0.515625 0.034375 0.046875
0 0.943750 0.513672 0.031250 0.029297
0 0.541016 0.615723 0.036719 0.043945
0 0.537891 0.548828 0.032031 0.029297
0 0.787109 0.298340 0.021094 0.047852
0 0.781250 0.259277 0.023438 0.053711
0 0.513672 0.458496 0.032031 0.045898
0 0.471484 0.459961 0.030469 0.046875
0 0.309766 0.292480 0.036719 0.038086
0 0.321484 0.273438 0.042969 0.046875
