0 0.872656 0.799316 0.035937 0.051758
0 0.922656 0.647461 0.037500 0.048828
0 0.966406 0.655273 0.042188 0.041016
0 0.630078 0.621582 0.035156 0.049805
0 0.562500 0.660156 0.037500 0.041016
0 0.404297 0.476074 0.036719 0.045898
0 0.435937 0.409668 0.035937 0.055664
0 0.476172 0.402832 0.041406 0.053711
0 0.369922 0.379395 0.042969 0.051758
0 0.630469 0.503906 0.029687 0.042969
0 0.757031 0.368164 0.023438 0.046875
0 0.835156 0.301758 0.028125 0.042969
0 0.802734 0.256348 0.025781 0.036133
0 0.737500 0.194824 0.023438 0.047852
0 0.751953 0.177734 0.024219 0.052734
0 0.440625 0.122559 0.029687 0.036133
0 0.532031 0.056152 0.025000 0.049805
