0 0.667188 0.898926 0.042188 0.075195
0 0.730859 0.641602 0.036719 0.062500
0 0.990234 0.624512 0.019531 0.055664
0 0.979297 0.395020 0.027344 0.045898
0 0.755859 0.510254 0.036719 0.034180
0 0.679688 0.508789 0.026562 0.052734
0 0.961328 0.287109 0.022656 0.050781
0 0.777734 0.250000 0.024219 0.039062
0 0.379688 0.296875 0.034375 0.041016
0 0.338672 0.303223 0.036719 0.053711
0 0.309766 0.403320 0.050781 0.044922
0 0.444531 0.421387 0.035937 0.045898
0 0.571875 0.427734 0.029687 0.058594
0 0.605859 0.407227 0.027344 0.058594
0 0.642188 0.396973 0.025000 0.053711
