0 0.849609 0.795410 0.127344 0.217773
0 0.489453 0.662598 0.105469 0.114258
0 0.577344 0.549805 0.071875 0.093750
0 0.683203 0.548340 0.064844 0.124023
0 0.786719 0.437500 0.031250 0.068359
0 0.822656 0.448242 0.029687 0.068359
0 0.877734 0.400879 0.021094 0.057617
0 0.908594 0.411133 0.028125 0.056641
0 0.589844 0.356445 0.037500 0.062500
0 0.685156 0.351074 0.028125 0.055664
0 0.739453 0.372559 0.033594 0.053711
0 0.717969 0.333008 0.029687 0.054688
0 0.769922 0.331543 0.017969 0.040039
0 0.621094 0.290039 0.021875 0.039062
0 0.192969 0.381836 0.056250 0.080078
0 0.242578 0.333984 0.044531 0.080078
0 0.285938 0.309082 0.032813 0.055664
