0 0.876953 0.824219 0.041406 0.078125
0 0.985938 0.828125 0.028125 0.054688
0 0.825781 0.695801 0.035937 0.053711
0 0.792578 0.527344 0.032031 0.070312
0 0.659375 0.610840 0.031250 0.063477
0 0.564844 0.483398 0.039062 0.052734
0 0.658984 0.385254 0.028906 0.051758
0 0.696094 0.383789 0.025000 0.054688
0 0.504687 0.373535 0.032813 0.041992
0 0.492969 0.335938 0.039062 0.046875
0 0.445312 0.275879 0.032813 0.055664
0 0.463281 0.249023 0.029687 0.042969
0 0.121875 0.364258 0.048438 0.054688
0 0.208984 0.756836 0.067969 0.054688
0 0.065625 0.774414 0.067187 0.044922
0 0.288672 0.784668 0.052344 0.022461
0 0.355859 0.781738 0.050781 0.024414
0 0.829297 0.169434 0.024219 0.040039
0 0.279297 0.305664 0.033594 0.027344
