0 0.799609 0.467285 0.035156 0.043945
0 0.897266 0.393066 0.027344 0.034180
0 0.304297 0.786133 0.044531 0.021484
0 0.628906 0.512207 0.021875 0.030273
0 0.594922 0.476562 0.032031 0.041016
0 0.582812 0.438965 0.029687 0.034180
0 0.696094 0.251953 0.025000 0.041016
0 0.703516 0.359375 0.030469 0.041016
0 0.867578 0.330078 0.030469 0.037109
0 0.961719 0.223145 0.032813 0.045898
0 0.913672 0.153809 0.022656 0.047852
0 0.881250 0.165039 0.023438 0.048828
0 0.663281 0.250977 0.025000 0.048828
0 0.650781 0.190918 0.025000 0.057617
0 0.555078 0.323730 0.035156 0.047852
0 0.276953 0.312500 0.032031 0.046875
