0 0.814453 0.980957 0.038281 0.038086
0 0.779297 0.933594 0.039844 0.052734
0 0.543359 0.766113 0.036719 0.041992
0 0.490625 0.748047 0.031250 0.046875
0 0.428906 0.483887 0.045312 0.045898
0 0.390234 0.417969 0.049219 0.048828
0 0.710547 0.368652 0.032031 0.043945
0 0.905859 0.331055 0.025781 0.046875
0 0.876953 0.403809 0.044531 0.038086
0 0.888672 0.475098 0.041406 0.049805
0 0.856641 0.561523 0.033594 0.044922
0 0.989844 0.492188 0.020313 0.048828
0 0.594141 0.579590 0.027344 0.053711
0 0.706250 0.627441 0.037500 0.057617
