0 0.824219 0.880371 0.026562 0.041992
0 0.581641 0.673340 0.021094 0.040039
0 0.507031 0.689453 0.032813 0.050781
0 0.462500 0.627930 0.043750 0.031250
0 0.464062 0.564941 0.032813 0.034180
0 0.427734 0.460938 0.035156 0.027344
0 0.357031 0.375977 0.039062 0.037109
0 0.202734 0.531250 0.042969 0.033203
0 0.564453 0.318848 0.030469 0.047852
0 0.675000 0.494629 0.028125 0.049805
0 0.663281 0.306641 0.029687 0.033203
0 0.765625 0.288574 0.032813 0.049805
0 0.801562 0.287598 0.029687 0.051758
0 0.841797 0.292480 0.022656 0.057617
0 0.876172 0.298828 0.024219 0.052734
0 0.981250 0.350098 0.029687 0.038086
0 0.872266 0.144043 0.035156 0.049805
0 0.763672 0.193359 0.032031 0.044922
0 0.730469 0.087402 0.018750 0.047852
0 0.703125 0.085449 0.021875 0.051758
0 0.639844 0.131836 0.025000 0.054688
0 0.444141 0.224609 0.032031 0.044922
0 0.368750 0.245117 0.035937 0.041016
0 0.360156 0.279297 0.039062 0.037109
