0 0.173828 0.673340 0.046094 0.053711
0 0.244141 0.408691 0.058594 0.049805
0 0.362109 0.254395 0.032031 0.038086
0 0.385156 0.638184 0.026562 0.030273
0 0.425000 0.645996 0.045312 0.038086
0 0.504687 0.669922 0.028125 0.044922
0 0.551172 0.688477 0.038281 0.029297
0 0.568750 0.645020 0.031250 0.034180
0 0.532031 0.583008 0.026562 0.025391
0 0.792188 0.743652 0.039062 0.045898
0 0.735547 0.384766 0.025781 0.048828
0 0.766016 0.265137 0.028906 0.045898
0 0.803906 0.259277 0.029687 0.049805
0 0.841797 0.266602 0.019531 0.048828
0 0.876953 0.271973 0.025781 0.053711
0 0.730078 0.064453 0.017969 0.044922
0 0.702344 0.063965 0.021875 0.051758
0 0.671094 0.060547 0.025000 0.048828
0 0.670703 0.173828 0.030469 0.046875
0 0.593750 0.302246 0.031250 0.040039
0 0.562109 0.291504 0.028906 0.049805
0 0.445312 0.197754 0.028125 0.047852
0 0.368359 0.218262 0.038281 0.040039
