0 0.908984 0.841797 0.038281 0.037109
0 0.566016 0.660645 0.032031 0.022461
0 0.605078 0.625000 0.024219 0.046875
0 0.519922 0.658691 0.027344 0.022461
0 0.403906 0.663574 0.035937 0.026367
0 0.421094 0.561523 0.031250 0.039062
0 0.485938 0.521973 0.034375 0.034180
0 0.313672 0.514648 0.030469 0.054688
0 0.386719 0.430664 0.025000 0.048828
0 0.528906 0.385254 0.043750 0.043945
0 0.383203 0.235352 0.036719 0.039062
0 0.389453 0.201660 0.033594 0.045898
0 0.463672 0.180664 0.027344 0.052734
0 0.603125 0.212891 0.031250 0.042969
0 0.614453 0.302246 0.030469 0.032227
0 0.720313 0.074219 0.023438 0.041016
0 0.698828 0.045898 0.025781 0.041016
0 0.747656 0.048340 0.023438 0.047852
0 0.789062 0.242676 0.026562 0.049805
0 0.828125 0.238281 0.031250 0.048828
0 0.863281 0.244141 0.020313 0.056641
0 0.898047 0.250000 0.025781 0.048828
0 0.834766 0.314453 0.028906 0.050781
