0 0.609766 0.645996 0.036719 0.049805
0 0.855859 0.521484 0.038281 0.050781
0 0.836328 0.435059 0.025781 0.038086
0 0.732422 0.406738 0.032031 0.049805
0 0.703906 0.493164 0.026562 0.050781
0 0.589063 0.505859 0.034375 0.042969
0 0.595313 0.559082 0.026562 0.030273
0 0.261719 0.580566 0.043750 0.043945
0 0.248828 0.553711 0.041406 0.033203
0 0.149609 0.662109 0.061719 0.033203
0 0.896094 0.289551 0.028125 0.045898
0 0.769141 0.282227 0.025781 0.046875
0 0.671484 0.200195 0.019531 0.056641
0 0.872656 0.165527 0.025000 0.040039
