0 0.526563 0.871582 0.039062 0.041992
0 0.500781 0.741211 0.043750 0.039062
0 0.825000 0.687500 0.034375 0.037109
0 0.855859 0.675293 0.033594 0.043945
0 0.678516 0.520996 0.030469 0.040039
0 0.649219 0.471680 0.028125 0.042969
0 0.903906 0.399902 0.032813 0.047852
0 0.927344 0.366699 0.026562 0.043945
0 0.471094 0.406250 0.045312 0.046875
0 0.523828 0.363281 0.036719 0.044922
0 0.621094 0.303711 0.025000 0.042969
0 0.593750 0.283203 0.021875 0.042969
0 0.145703 0.587402 0.038281 0.047852
0 0.196484 0.472656 0.057031 0.056641
0 0.198437 0.403320 0.056250 0.058594
0 0.167187 0.365723 0.050000 0.045898
0 0.145703 0.343750 0.042969 0.031250
0 0.132031 0.323242 0.050000 0.033203
0 0.168359 0.295898 0.044531 0.052734
0 0.591797 0.071289 0.022656 0.039062
