0 0.506641 0.664062 0.050781 0.054688
0 0.574219 0.567383 0.051562 0.056641
0 0.843359 0.754883 0.038281 0.046875
0 0.969141 0.672363 0.044531 0.041992
0 0.561719 0.510742 0.051562 0.056641
0 0.405469 0.440918 0.031250 0.051758
0 0.467969 0.407715 0.042188 0.051758
0 0.414844 0.362305 0.035937 0.052734
0 0.352734 0.384766 0.041406 0.054688
0 0.458203 0.198730 0.027344 0.038086
0 0.767578 0.263672 0.028906 0.044922
0 0.792188 0.231445 0.025000 0.046875
0 0.807031 0.348633 0.032813 0.044922
0 0.846094 0.320801 0.026562 0.049805
0 0.539453 0.087402 0.022656 0.049805
0 0.579297 0.056152 0.025781 0.053711
0 0.766797 0.148926 0.025781 0.049805
0 0.976172 0.117676 0.021094 0.049805
0 0.964453 0.219727 0.024219 0.017578
