0 0.130859 0.630859 0.063281 0.048828
0 0.100000 0.680176 0.050000 0.038086
0 0.136719 0.694824 0.045312 0.036133
0 0.175391 0.701172 0.058594 0.039062
0 0.227734 0.712402 0.061719 0.051758
0 0.721094 0.701660 0.032813 0.049805
0 0.659766 0.480469 0.030469 0.044922
0 0.651953 0.423828 0.030469 0.035156
0 0.547266 0.399902 0.028906 0.053711
0 0.580859 0.395020 0.028906 0.049805
0 0.767969 0.412109 0.029687 0.050781
0 0.744922 0.892578 0.027344 0.048828
0 0.792188 0.905762 0.035937 0.041992
0 0.785547 0.531250 0.030469 0.052734
0 0.949609 0.543945 0.038281 0.041016
0 0.880078 0.347656 0.022656 0.044922
0 0.884375 0.266113 0.028125 0.051758
0 0.450000 0.171387 0.031250 0.041992
0 0.463672 0.158691 0.032031 0.051758
0 0.376172 0.142578 0.032031 0.048828
