0 0.52 0.14125 0.0325 0.0425
0 0.661875 0.643125 0.04125 0.05125
0 0.24125 0.890625 0.0375 0.03375
0 0.6625 0.7075 0.045 0.06
0 0.439375 0.124375 0.02125 0.04125
0 0.22375 0.885 0.04 0.035
0 0.045625 0.990625 0.02875 0.01875
0 0.0425 0.725 0.0275 0.0425
0 0.355625 0.178125 0.03125 0.04875
0 0.44375 0.374375 0.0425 0.04875
0 0.723125 0.755 0.04375 0.0525
0 0.93875 0.540625 0.0425 0.06625
0 0.69875 0.36375 0.03 0.0575
0 0.355625 0.2225 0.03125 0.0475
0 0.495 0.50625 0.0375 0.0375
0 0.27 0.173125 0.0375 0.04875
