0 0.3675 0.301875 0.025 0.01875
0 0.88625 0.484375 0.0425 0.04625
0 0.94125 0.465625 0.03 0.04125
0 0.3075 0.125 0.03 0.05
0 0.711875 0.318125 0.02375 0.02875
0 0.904375 0.47375 0.06875 0.0575
0 0.581875 0.558125 0.04375 0.04625
0 0.636875 0.279375 0.02625 0.05375
0 0.435 0.09 0.025 0.0525
0 0.71875 0.13 0.03 0.0425
0 0.9725 0.708125 0.0525 0.03125
0 0.33875 0.77125 0.0525 0.0325
0 0.384375 0.135 0.03625 0.0575
0 0.84625 0.134375 0.03 0.05375
0 0.755625 0.414375 0.03625 0.05125
0 0.710625 0.6725 0.04125 0.05
