0 0.853125 0.4525 0.03375 0.045
0 0.8875 0.44 0.0475 0.0525
0 0.8975 0.44125 0.025 0.0425
0 0.2225 0.155625 0.035 0.06125
0 0.87875 0.443125 0.0275 0.04125
0 0.8675 0.440625 0.04 0.04625
0 0.716875 0.113125 0.02625 0.03125
0 0.715 0.10125 0.03 0.0425
0 0.3625 0.855625 0.0475 0.04375
0 0.638125 0.154375 0.03375 0.04125
0 0.371875 0.465 0.04875 0.045
0 0.90375 0.43 0.0275 0.0375
0 0.349375 0.115 0.02875 0.0625
0 0.584375 0.280625 0.03125 0.05625
0 0.3025 0.16125 0.04 0.055
0 0.71125 0.65875 0.04 0.0525
0 0.715625 0.398125 0.04125 0.05625
