0 0.291875 0.540625 0.04875 0.06875
0 0.0175 0.30875 0.0325 0.0375
0 0.121875 0.205 0.02625 0.04
0 0.765625 0.379375 0.03375 0.03375
0 0.126875 0.22 0.03125 0.0525
0 0.753125 0.349375 0.03375 0.03375
0 0.756875 0.38 0.03875 0.0525
0 0.970625 0.485 0.02625 0.04
0 0.439375 0.31 0.02875 0.055
0 0.971875 0.38875 0.02875 0.04
0 0.98625 0.5225 0.0275 0.035
0 0.533125 0.905625 0.05375 0.05875
0 0.7875 0.0925 0.0275 0.0475
0 0.45625 0.114375 0.0375 0.04625
0 0.455625 0.215625 0.03625 0.04875
0 0.7075 0.619375 0.04 0.05875
0 0.77625 0.164375 0.0325 0.04875
0 0.605 0.378125 0.035 0.05125
0 0.09375 0.274375 0.0575 0.05125
0 0.714375 0.201875 0.03625 0.05375
