0 0.29625 0.548125 0.05 0.06375
0 0.98125 0.504375 0.0375 0.04625
0 0.771875 0.38 0.01875 0.025
0 0.0175 0.30875 0.0325 0.0375
0 0.12125 0.205625 0.0275 0.04125
0 0.76625 0.379375 0.0275 0.03625
0 0.756875 0.3825 0.03625 0.0475
0 0.126875 0.21625 0.04375 0.0575
0 0.760625 0.354375 0.03375 0.04375
0 0.439375 0.31 0.02875 0.055
0 0.974375 0.489375 0.03375 0.04375
0 0.9725 0.389375 0.0275 0.03875
0 0.46 0.10625 0.0375 0.045
0 0.984375 0.5225 0.03125 0.04
0 0.7875 0.091875 0.0275 0.04875
0 0.516875 0.909375 0.05125 0.06125
0 0.77625 0.164375 0.035 0.05125
0 0.7075 0.61875 0.035 0.06
0 0.454375 0.20625 0.04125 0.045
0 0.605 0.378125 0.035 0.05125
0 0.09375 0.275 0.0575 0.05
0 0.714375 0.201875 0.03625 0.05375
