0 0.7725 0.38 0.02 0.025
0 0.300625 0.555625 0.03875 0.05125
0 0.760625 0.3475 0.02875 0.0275
0 0.0175 0.309375 0.0325 0.03625
0 0.12125 0.205 0.0275 0.04
0 0.765625 0.38 0.03375 0.0325
0 0.12625 0.21875 0.0375 0.0575
0 0.764375 0.356875 0.03625 0.04375
0 0.756875 0.383125 0.03875 0.04875
0 0.975625 0.4925 0.04125 0.0425
0 0.985625 0.51875 0.02875 0.0425
0 0.439375 0.309375 0.02875 0.05375
0 0.9725 0.38875 0.03 0.0375
0 0.7875 0.091875 0.0275 0.04875
0 0.460625 0.11125 0.03875 0.0475
0 0.77625 0.164375 0.035 0.05125
0 0.453125 0.2025 0.04125 0.0475
0 0.51 0.9125 0.055 0.06
0 0.7075 0.61875 0.035 0.06
0 0.605625 0.378125 0.03625 0.05125
0 0.09375 0.275 0.0575 0.05
0 0.714375 0.201875 0.03625 0.05375
