0 0.0175 0.30875 0.0325 0.0375
0 0.121875 0.205 0.02625 0.04
0 0.979375 0.501875 0.03625 0.04875
0 0.1275 0.22 0.0325 0.0525
0 0.78625 0.093125 0.0275 0.04625
0 0.766875 0.348125 0.03375 0.04375
0 0.449375 0.195625 0.03125 0.05125
0 0.439375 0.31 0.02875 0.0525
0 0.755625 0.380625 0.03875 0.05125
0 0.9725 0.389375 0.03 0.03875
0 0.979375 0.51875 0.04125 0.0475
0 0.471875 0.106875 0.03125 0.04875
0 0.495625 0.916875 0.04875 0.05625
0 0.775625 0.165625 0.03125 0.04875
0 0.708125 0.62 0.03875 0.0575
0 0.605625 0.379375 0.03625 0.05125
0 0.09375 0.274375 0.0575 0.04875
0 0.714375 0.201875 0.03625 0.05375
