0 0.774375 0.376875 0.02125 0.02875
0 0.0175 0.30875 0.0325 0.035
0 0.12125 0.205 0.0275 0.04
0 0.763125 0.353125 0.03375 0.04625
0 0.126875 0.21625 0.04375 0.0575
0 0.98375 0.49375 0.0325 0.045
0 0.75625 0.38125 0.04 0.05
0 0.78125 0.0925 0.025 0.045
0 0.439375 0.309375 0.02875 0.05375
0 0.9725 0.389375 0.03 0.03875
0 0.451875 0.200625 0.04375 0.05375
0 0.50375 0.91625 0.055 0.055
0 0.980625 0.52125 0.03875 0.0425
0 0.465625 0.109375 0.03375 0.04875
0 0.776875 0.164375 0.03625 0.04875
0 0.7075 0.61875 0.035 0.06
0 0.605625 0.37875 0.03625 0.05
0 0.71375 0.201875 0.035 0.05125
0 0.093125 0.275 0.05875 0.05
