0 0.0175 0.30875 0.0325 0.0375
0 0.121875 0.204375 0.02625 0.03875
0 0.995625 0.53875 0.00875 0.03
0 0.126875 0.22 0.03125 0.0525
0 0.439375 0.309375 0.02875 0.05375
0 0.7575 0.37875 0.04 0.0525
0 0.971875 0.38875 0.02875 0.0375
0 0.7875 0.0925 0.0275 0.0475
0 0.451875 0.11875 0.03375 0.045
0 0.740625 0.348125 0.03125 0.03625
0 0.7075 0.619375 0.04 0.06125
0 0.97125 0.47625 0.03 0.05
0 0.776875 0.164375 0.03625 0.05125
0 0.605625 0.37875 0.03625 0.05
0 0.541875 0.901875 0.05625 0.05875
0 0.093125 0.275 0.05875 0.05
0 0.714375 0.2025 0.03625 0.0525
0 0.458125 0.224375 0.03625 0.04375
