0 0.98375 0.53 0.0325 0.0425
0 0.98875 0.5225 0.0225 0.0275
0 0.03625 0.25875 0.045 0.065
0 0.776875 0.388125 0.03625 0.04375
0 0.835 0.054375 0.0225 0.03125
0 0.991875 0.414375 0.01625 0.03875
0 0.834375 0.101875 0.02125 0.04625
0 0.803125 0.365 0.03125 0.0375
0 0.305625 0.536875 0.04875 0.04375
0 0.464375 0.3 0.02875 0.0475
0 0.479375 0.178125 0.03125 0.04875
0 0.1625 0.1925 0.04 0.06
0 0.51875 0.100625 0.0375 0.04875
0 0.625 0.37875 0.0375 0.05
0 0.1275 0.25125 0.0525 0.05
0 0.980625 0.545 0.03875 0.045
0 0.46125 0.915625 0.05 0.05375
0 0.708125 0.62875 0.03875 0.055
0 0.8125 0.1725 0.04 0.055
0 0.74875 0.21 0.0425 0.0525
