0 0.793125 0.05125 0.02125 0.02
0 0.124375 0.205625 0.03625 0.03625
0 0.295625 0.55375 0.03625 0.035
0 0.76375 0.374375 0.04 0.05375
0 0.98125 0.5025 0.035 0.0425
0 0.01625 0.29375 0.0275 0.055
0 0.790625 0.0925 0.03125 0.045
0 0.449375 0.190625 0.02875 0.05375
0 0.13 0.21875 0.0375 0.0525
0 0.770625 0.360625 0.03625 0.05875
0 0.443125 0.309375 0.03125 0.05125
0 0.9775 0.521875 0.0425 0.04375
0 0.4775 0.105625 0.035 0.05125
0 0.09625 0.27375 0.055 0.0525
0 0.978125 0.39125 0.03125 0.0375
0 0.486875 0.919375 0.04375 0.05375
0 0.7075 0.620625 0.0375 0.05875
0 0.7825 0.16375 0.0375 0.055
0 0.60625 0.378125 0.035 0.04875
0 0.716875 0.201875 0.03625 0.05375
