0 0.0175 0.30875 0.0325 0.0375
0 0.12125 0.205625 0.0275 0.04125
0 0.765 0.379375 0.035 0.03375
0 0.755625 0.35 0.03625 0.035
0 0.12625 0.21875 0.0375 0.0575
0 0.756875 0.380625 0.03875 0.05125
0 0.439375 0.310625 0.02875 0.05375
0 0.984375 0.52375 0.03125 0.035
0 0.9725 0.485625 0.03 0.04375
0 0.526875 0.908125 0.05625 0.06125
0 0.971875 0.38875 0.02875 0.04
0 0.7875 0.0925 0.0275 0.0475
0 0.776875 0.16375 0.03625 0.0525
0 0.7075 0.619375 0.04 0.05875
0 0.45375 0.11 0.04 0.0425
0 0.605 0.37875 0.035 0.05
0 0.4575 0.2125 0.035 0.0525
0 0.09375 0.275 0.0575 0.05
0 0.714375 0.201875 0.03625 0.05375
