0 0.121875 0.205 0.02625 0.04
0 0.0175 0.30875 0.0325 0.0375
0 0.126875 0.22 0.03125 0.0525
0 0.75 0.348125 0.0375 0.03375
0 0.98875 0.528125 0.0225 0.02875
0 0.439375 0.31 0.02875 0.055
0 0.7575 0.38 0.04 0.0525
0 0.9725 0.389375 0.0275 0.03625
0 0.786875 0.091875 0.02625 0.04875
0 0.97125 0.480625 0.0275 0.04375
0 0.455 0.116875 0.0375 0.04625
0 0.536875 0.90375 0.05875 0.065
0 0.7075 0.62 0.04 0.06
0 0.456875 0.221875 0.03125 0.04375
0 0.776875 0.16375 0.03625 0.0525
0 0.605625 0.37875 0.03625 0.05
0 0.093125 0.275 0.05625 0.0475
0 0.714375 0.2025 0.03625 0.0525
