0 0.121875 0.205 0.02625 0.04
0 0.0175 0.30875 0.0325 0.0375
0 0.1275 0.22 0.0325 0.0525
0 0.439375 0.309375 0.02875 0.05375
0 0.756875 0.380625 0.04125 0.05125
0 0.788125 0.0925 0.02625 0.0475
0 0.971875 0.38875 0.02875 0.0375
0 0.7325 0.348125 0.03 0.03625
0 0.965625 0.475 0.03625 0.0525
0 0.55875 0.8925 0.0575 0.055
0 0.460625 0.23375 0.03125 0.0425
0 0.44625 0.126875 0.0275 0.04125
0 0.7075 0.61875 0.035 0.06
0 0.7775 0.163125 0.0375 0.05375
0 0.620625 0.385625 0.03875 0.04625
0 0.09375 0.275 0.0575 0.05
0 0.71375 0.2025 0.035 0.0525
