0 0.018125 0.309375 0.03125 0.03625
0 0.121875 0.20375 0.02875 0.0375
0 0.971875 0.385625 0.02625 0.03625
0 0.126875 0.220625 0.03125 0.04875
0 0.436875 0.128125 0.03375 0.03625
0 0.439375 0.309375 0.02875 0.05375
0 0.756875 0.380625 0.04125 0.05125
0 0.7875 0.0925 0.0275 0.0475
0 0.5775 0.8875 0.0525 0.0525
0 0.725 0.344375 0.03 0.03875
0 0.46625 0.24125 0.0325 0.0425
0 0.9575 0.476875 0.0325 0.04625
0 0.6275 0.38875 0.0475 0.0375
0 0.7775 0.16375 0.035 0.0525
0 0.7075 0.61875 0.035 0.06
0 0.094375 0.274375 0.05875 0.05125
0 0.714375 0.2025 0.03625 0.05
