0 0.7575 0.36375 0.03 0.0425
0 0.121875 0.205 0.02625 0.04
0 0.0175 0.30875 0.0325 0.0375
0 0.126875 0.22 0.03125 0.0525
0 0.439375 0.31 0.02875 0.055
0 0.7375 0.346875 0.035 0.03625
0 0.7575 0.378125 0.04 0.05125
0 0.7875 0.0925 0.0275 0.0475
0 0.971875 0.38875 0.02875 0.0375
0 0.97 0.469375 0.03 0.04875
0 0.449375 0.125625 0.03125 0.04375
0 0.55 0.895625 0.06 0.05625
0 0.46 0.231875 0.03 0.04125
0 0.706875 0.62 0.03875 0.06
0 0.6175 0.381875 0.0375 0.05125
0 0.7775 0.163125 0.0375 0.05375
0 0.09375 0.275 0.0575 0.05
0 0.71375 0.201875 0.035 0.05125
