0 0.594375 0.06625 0.02125 0.045
0 0.555 0.351875 0.0375 0.05375
0 0.5625 0.058125 0.02 0.03875
0 0.70875 0.265 0.0175 0.0225
0 0.6225 0.08125 0.0175 0.0425
0 0.235 0.446875 0.035 0.04375
0 0.428125 0.16125 0.02875 0.0525
0 0.199375 0.375 0.03375 0.0425
0 0.486875 0.3575 0.03125 0.045
0 0.681875 0.246875 0.02875 0.03625
0 0.1075 0.30125 0.035 0.05
0 0.768125 0.813125 0.04875 0.06375
0 0.654375 0.089375 0.02625 0.03875
0 0.8625 0.34 0.04 0.0575
0 0.664375 0.574375 0.03375 0.05625
0 0.4975 0.418125 0.04 0.04625
0 0.404375 0.2225 0.03125 0.06
