0 0.0175 0.30875 0.0325 0.0375
0 0.121875 0.20375 0.02875 0.0375
0 0.9725 0.390625 0.0275 0.03375
0 0.126875 0.220625 0.03125 0.04875
0 0.75875 0.376875 0.0375 0.04625
0 0.439375 0.31 0.02875 0.055
0 0.7875 0.0925 0.0275 0.0475
0 0.4625 0.238125 0.035 0.04625
0 0.441875 0.131875 0.03125 0.04375
0 0.96375 0.47625 0.0325 0.05
0 0.571875 0.889375 0.04875 0.05375
0 0.624375 0.3875 0.04625 0.0425
0 0.7775 0.16375 0.035 0.0525
0 0.7075 0.61875 0.035 0.06
0 0.7275 0.34625 0.0275 0.04
0 0.09375 0.274375 0.0575 0.05125
0 0.714375 0.2025 0.03625 0.05
