0 0.765 0.348125 0.025 0.02875
0 0.645625 0.061875 0.03125 0.04125
0 0.745 0.830625 0.045 0.05875
0 0.630625 0.058125 0.01875 0.03375
0 0.755625 0.275625 0.01875 0.02625
0 0.588125 0.34875 0.03625 0.055
0 0.444375 0.0925 0.03875 0.045
0 0.5225 0.34875 0.03 0.0425
0 0.7325 0.254375 0.0275 0.03375
0 0.68875 0.084375 0.02 0.03875
0 0.15125 0.26375 0.0325 0.045
0 0.659375 0.06875 0.01875 0.045
0 0.261875 0.419375 0.03625 0.04625
0 0.674375 0.58 0.02875 0.0575
0 0.51875 0.415625 0.0375 0.05375
0 0.718125 0.095 0.02375 0.0375
0 0.236875 0.341875 0.03625 0.04625
0 0.48375 0.14875 0.0275 0.055
0 0.451875 0.210625 0.03125 0.05875
0 0.899375 0.36625 0.04375 0.0525
