0 0.95125 0.475625 0.025 0.03875
0 0.066875 0.26875 0.01875 0.02
0 0.753125 0.374375 0.03625 0.04875
0 0.121875 0.240625 0.04125 0.04375
0 0.115625 0.2225 0.03125 0.04
0 0.9475 0.464375 0.035 0.03375
0 0.086875 0.28625 0.04875 0.045
0 0.10625 0.209375 0.0275 0.03375
0 0.43375 0.309375 0.0325 0.04625
0 0.4275 0.14 0.0275 0.045
0 0.295625 0.561875 0.04375 0.04375
0 0.776875 0.088125 0.02625 0.04875
0 0.590625 0.8875 0.05625 0.065
0 0.62875 0.394375 0.045 0.03875
0 0.711875 0.343125 0.02875 0.03875
0 0.45375 0.23875 0.035 0.05
0 0.706875 0.61875 0.03875 0.06
0 0.76625 0.159375 0.0375 0.05375
0 0.705625 0.200625 0.03875 0.05375
