0 0.491875 0.324375 0.01375 0.01875
0 0.0425 0.261875 0.035 0.03875
0 0.708125 0.369375 0.04375 0.04875
0 0.904375 0.425 0.02625 0.025
0 0.915625 0.345625 0.02875 0.03375
0 0.91 0.43125 0.015 0.0225
0 0.92 0.11 0.025 0.03
0 0.273125 0.59375 0.05625 0.05
0 0.715625 0.35375 0.04125 0.045
0 0.05125 0.275625 0.0425 0.06125
0 0.345625 0.154375 0.03125 0.03125
0 0.03 0.343125 0.0425 0.03625
0 0.38625 0.33 0.0325 0.055
0 0.63 0.884375 0.05 0.05875
0 0.668125 0.338125 0.03375 0.05125
0 0.603125 0.395625 0.04375 0.04625
0 0.700625 0.60875 0.03625 0.0575
0 0.39875 0.255625 0.0325 0.04125
0 0.696875 0.0775 0.02875 0.0475
0 0.641875 0.1925 0.03625 0.0525
0 0.698125 0.149375 0.03375 0.05875
