0 0.724375 0.05875 0.02375 0.04
0 0.25875 0.669375 0.0425 0.04125
0 0.304375 0.37875 0.03125 0.045
0 0.633125 0.35 0.03625 0.06
0 0.799375 0.270625 0.02625 0.03375
0 0.816875 0.2975 0.02125 0.0275
0 0.5775 0.336875 0.0275 0.04875
0 0.561875 0.14375 0.03125 0.0525
0 0.7025 0.8625 0.05 0.065
0 0.220625 0.21875 0.03625 0.0425
0 0.549375 0.404375 0.03375 0.05125
0 0.754375 0.08125 0.02375 0.04
0 0.78125 0.09875 0.02 0.04
0 0.29375 0.305625 0.0325 0.05125
0 0.685625 0.59 0.03375 0.0575
0 0.9525 0.40875 0.045 0.0525
0 0.545625 0.076875 0.03125 0.05375
0 0.5225 0.1975 0.0325 0.06
