0 0.820625 0.07 0.03375 0.0475
0 0.874375 0.1175 0.03375 0.045
0 0.86625 0.394375 0.03 0.03125
0 0.871875 0.32 0.02375 0.0375
0 0.01875 0.346875 0.02 0.02375
0 0.869375 0.304375 0.02375 0.03625
0 0.681875 0.348125 0.03375 0.04125
0 0.86875 0.12375 0.0175 0.0325
0 0.350625 0.34875 0.03125 0.045
0 0.676875 0.36125 0.03875 0.055
0 0.63875 0.14375 0.0325 0.0525
0 0.844375 0.10125 0.02125 0.0375
0 0.290625 0.183125 0.03625 0.04625
0 0.630625 0.074375 0.02875 0.05125
0 0.626875 0.334375 0.02375 0.04375
0 0.2675 0.629375 0.0425 0.04125
0 0.355 0.274375 0.035 0.04625
0 0.5825 0.398125 0.0425 0.04875
0 0.663125 0.875 0.05125 0.0575
0 0.693125 0.600625 0.03125 0.05625
0 0.591875 0.191875 0.03375 0.05375
0 0.985625 0.456875 0.02875 0.04375
