0 0.4225 0.07875 0.035 0.0425
0 0.325625 0.053125 0.01625 0.02625
0 0.37875 0.066875 0.0375 0.05625
0 0.56625 0.246875 0.0225 0.02625
0 0.3375 0.074375 0.025 0.02375
0 0.339375 0.058125 0.02125 0.03375
0 0.17875 0.53125 0.0375 0.04
0 0.0225 0.395625 0.0375 0.04875
0 0.599375 0.255625 0.01625 0.02625
0 0.985 0.379375 0.03 0.04875
0 0.4325 0.0825 0.0175 0.035
0 0.398125 0.07375 0.02625 0.06
0 0.4775 0.374375 0.045 0.06125
0 0.85625 0.173125 0.0325 0.05375
0 0.22625 0.165625 0.0375 0.04875
0 0.121875 0.46625 0.03875 0.0525
0 0.295625 0.20375 0.03375 0.0475
0 0.465 0.089375 0.02 0.04375
0 0.81 0.7525 0.045 0.0575
0 0.641875 0.5625 0.03125 0.055
0 0.766875 0.29 0.03125 0.0525
0 0.40625 0.39375 0.035 0.035
0 0.440625 0.440625 0.03625 0.05125
0 0.498125 0.095625 0.02875 0.04125
0 0.28875 0.26875 0.0375 0.06
