0 0.39375 0.28375 0.025 0.02
0 0.989375 0.44375 0.01875 0.025
0 0.105 0.135 0.03 0.0325
0 0.731875 0.24375 0.02375 0.0225
0 0.016875 0.335 0.01875 0.0225
0 0.065625 0.155 0.03375 0.0375
0 0.019375 0.163125 0.02875 0.04375
0 0.635625 0.131875 0.02375 0.04625
0 0.89625 0.40625 0.0375 0.0475
0 0.218125 0.161875 0.03125 0.04875
0 0.43125 0.28375 0.0275 0.025
0 0.829375 0.62375 0.04125 0.055
0 0.034375 0.644375 0.04625 0.04875
0 0.14375 0.16375 0.0325 0.055
0 0.300625 0.514375 0.04875 0.02875
0 0.364375 0.42875 0.04375 0.055
0 0.10125 0.330625 0.0525 0.06125
0 0.3575 0.47375 0.0425 0.055
0 0.133125 0.3925 0.04375 0.0575
0 0.609375 0.248125 0.03625 0.05125
0 0.60375 0.556875 0.0325 0.04625
0 0.81 0.25375 0.0325 0.055
0 0.254375 0.165 0.03125 0.0375
