0 0.108125 0.15625 0.02375 0.05
0 0.393125 0.2825 0.02375 0.02
0 0.073125 0.15875 0.02125 0.0275
0 0.04 0.156875 0.04 0.03375
0 0.83375 0.640625 0.0375 0.05125
0 0.916875 0.40625 0.04125 0.0425
0 0.134375 0.689375 0.03625 0.03875
0 0.065625 0.15625 0.03125 0.035
0 0.018125 0.320625 0.02375 0.02875
0 0.635 0.131875 0.025 0.04625
0 0.21875 0.1625 0.03 0.05
0 0.298125 0.499375 0.03875 0.04125
0 0.143125 0.16375 0.03375 0.055
0 0.43 0.28375 0.0275 0.025
0 0.035625 0.644375 0.05125 0.04625
0 0.3625 0.433125 0.04 0.06125
0 0.101875 0.330625 0.05125 0.06125
0 0.80625 0.26625 0.04 0.0525
0 0.126875 0.395 0.04625 0.06
0 0.60375 0.55625 0.0325 0.045
0 0.355 0.4925 0.0375 0.0575
0 0.599375 0.255 0.02875 0.0475
0 0.256875 0.156875 0.03375 0.04875
