0 0.39375 0.283125 0.025 0.01875
0 0.016875 0.3225 0.02125 0.025
0 0.033125 0.164375 0.03375 0.04125
0 0.635 0.1325 0.0275 0.045
0 0.066875 0.15625 0.02875 0.0325
0 0.831875 0.635625 0.03875 0.05125
0 0.904375 0.405 0.03875 0.0425
0 0.215 0.160625 0.035 0.04625
0 0.43125 0.284375 0.0275 0.02375
0 0.356875 0.4875 0.03875 0.055
0 0.60125 0.250625 0.0275 0.04875
0 0.143125 0.164375 0.03375 0.05375
0 0.034375 0.644375 0.04625 0.04625
0 0.130625 0.389375 0.05125 0.05875
0 0.10375 0.33375 0.0425 0.05
0 0.363125 0.431875 0.04125 0.06125
0 0.60375 0.55625 0.0325 0.045
0 0.255625 0.16125 0.03125 0.0425
0 0.298125 0.505 0.04375 0.0375
0 0.8075 0.2625 0.035 0.0525
