0 0.226875 0.150625 0.03375 0.03875
0 0.204375 0.145625 0.01625 0.03375
0 0.12875 0.145 0.02 0.05
0 0.7475 0.24875 0.015 0.02
0 0.07125 0.144375 0.0425 0.03375
0 0.135 0.675625 0.0375 0.04125
0 0.769375 0.255 0.02625 0.03
0 0.085625 0.14375 0.02875 0.0375
0 0.653125 0.13375 0.02625 0.045
0 0.933125 0.419375 0.03125 0.04875
0 0.444375 0.27875 0.02625 0.0225
0 0.828125 0.276875 0.03375 0.05375
0 0.3725 0.428125 0.0375 0.05875
0 0.308125 0.484375 0.03625 0.04125
0 0.11625 0.3175 0.0425 0.0525
0 0.2375 0.153125 0.0275 0.04625
0 0.1625 0.154375 0.035 0.04875
0 0.61375 0.259375 0.0325 0.05125
0 0.039375 0.629375 0.05625 0.04625
0 0.360625 0.490625 0.03625 0.05625
0 0.13875 0.3825 0.05 0.0625
0 0.02375 0.303125 0.04 0.03375
0 0.606875 0.55625 0.03375 0.045
0 0.278125 0.149375 0.03125 0.04875
