0 0.264375 0.08375 0.01625 0.025
0 0.883125 0.29125 0.02625 0.0275
0 0.361875 0.0975 0.01625 0.0325
0 0.159375 0.575625 0.03875 0.04125
0 0.4425 0.385625 0.0375 0.05875
0 0.160625 0.201875 0.03875 0.04375
0 0.551875 0.25875 0.02375 0.025
0 0.3925 0.101875 0.0225 0.04375
0 0.79375 0.155625 0.0325 0.05375
0 0.239375 0.235 0.03875 0.0525
0 0.719375 0.275625 0.03125 0.05375
0 0.325 0.09125 0.0275 0.0525
0 0.09125 0.510625 0.0375 0.04625
0 0.82 0.725 0.045 0.055
0 0.94 0.33875 0.035 0.055
0 0.37125 0.41875 0.0375 0.035
0 0.6325 0.559375 0.0325 0.04875
0 0.430625 0.105625 0.02875 0.04875
0 0.41125 0.451875 0.035 0.04875
0 0.239375 0.300625 0.04375 0.05375
