0 0.514375 0.068125 0.02875 0.04625
0 0.470625 0.059375 0.02625 0.04625
0 0.52 0.356875 0.0375 0.05625
0 0.52375 0.07 0.015 0.04
0 0.630625 0.245 0.02625 0.03
0 0.661875 0.258125 0.02125 0.02625
0 0.554375 0.08125 0.02125 0.0425
0 0.208125 0.4825 0.03875 0.045
0 0.369375 0.176875 0.03375 0.05125
0 0.586875 0.089375 0.02375 0.03875
0 0.450625 0.3725 0.03125 0.04
0 0.165 0.413125 0.035 0.05125
0 0.06375 0.336875 0.035 0.04375
0 0.491875 0.06125 0.02125 0.045
0 0.790625 0.785 0.04625 0.0675
0 0.82125 0.315625 0.035 0.05375
0 0.47625 0.429375 0.0425 0.04875
0 0.65625 0.5675 0.0325 0.0525
0 0.351875 0.240625 0.03625 0.05625
