0 0.15 0.616875 0.04 0.03625
0 0.189375 0.104375 0.02125 0.03125
0 0.17 0.099375 0.025 0.02875
0 0.176875 0.0975 0.02375 0.035
0 0.295 0.1175 0.0175 0.035
0 0.98125 0.45625 0.03 0.04
0 0.100625 0.23875 0.04625 0.0425
0 0.505625 0.265 0.02375 0.0225
0 0.256875 0.115 0.03125 0.0525
0 0.82625 0.69875 0.045 0.0525
0 0.410625 0.403125 0.03875 0.06375
0 0.73625 0.141875 0.03 0.04875
0 0.3275 0.121875 0.025 0.04125
0 0.185625 0.26625 0.04125 0.05
0 0.62125 0.5575 0.035 0.0475
0 0.896875 0.308125 0.04125 0.05375
0 0.195 0.330625 0.045 0.05875
0 0.675 0.26625 0.0275 0.0475
0 0.068125 0.558125 0.03875 0.04625
0 0.341875 0.444375 0.03875 0.03875
0 0.39 0.4675 0.0325 0.0525
0 0.365625 0.121875 0.02875 0.04375
