0 0.39375 0.28375 0.025 0.02
0 0.104375 0.135 0.03125 0.035
0 0.021875 0.1625 0.03125 0.04
0 0.065625 0.155 0.02875 0.035
0 0.90125 0.4025 0.0375 0.0375
0 0.0175 0.33 0.02 0.0225
0 0.635 0.1325 0.0275 0.045
0 0.830625 0.62625 0.03875 0.0525
0 0.034375 0.644375 0.04625 0.04875
0 0.430625 0.28375 0.02625 0.025
0 0.218125 0.161875 0.02875 0.04375
0 0.143125 0.16375 0.03375 0.0525
0 0.3 0.50875 0.05 0.03
0 0.1325 0.39125 0.045 0.055
0 0.1025 0.331875 0.045 0.05375
0 0.361875 0.43 0.04125 0.06
0 0.605 0.24875 0.03 0.0525
0 0.359375 0.483125 0.03875 0.05625
0 0.60375 0.555625 0.0325 0.04625
0 0.255 0.163125 0.0325 0.04125
0 0.809375 0.26125 0.03625 0.0525
