0 0.043125 0.158125 0.03875 0.03875
0 0.134375 0.689375 0.03625 0.03875
0 0.91 0.40375 0.0425 0.04
0 0.06625 0.15625 0.0275 0.0325
0 0.833125 0.634375 0.03375 0.04625
0 0.63625 0.131875 0.025 0.04625
0 0.0175 0.32125 0.0225 0.0275
0 0.218125 0.161875 0.03375 0.05125
0 0.430625 0.28375 0.02875 0.025
0 0.599375 0.251875 0.03125 0.05125
0 0.143125 0.16375 0.03375 0.055
0 0.035 0.644375 0.0525 0.04625
0 0.101875 0.330625 0.05125 0.06125
0 0.363125 0.433125 0.04125 0.06125
0 0.35375 0.486875 0.04 0.05625
0 0.8075 0.263125 0.0375 0.05375
0 0.125625 0.39625 0.04875 0.0525
0 0.2975 0.505 0.04 0.04
0 0.60375 0.55625 0.0325 0.045
0 0.256875 0.156875 0.03375 0.04875
