0 0.386875 0.390625 0.01875 0.01875
0 0.4025 0.364375 0.015 0.02125
0 0.278125 0.521875 0.04125 0.05125
0 0.159375 0.850625 0.04625 0.03625
0 0.28125 0.353125 0.025 0.01625
0 0.4825 0.99 0.0475 0.0175
0 0.4675 0.230625 0.03 0.04875
0 0.74 0.33875 0.035 0.0325
0 0.29 0.56875 0.04 0.0425
0 0.825625 0.591875 0.04875 0.04375
0 0.0225 0.5875 0.035 0.0475
0 0.854375 0.193125 0.03625 0.05375
0 0.629375 0.198125 0.03375 0.05375
0 0.2875 0.645 0.035 0.0475
0 0.42875 0.151875 0.0325 0.04875
0 0.56875 0.56125 0.0375 0.0475
0 0.02625 0.840625 0.04 0.04375
0 0.04 0.300625 0.045 0.03875
