0 0.10625 0.134375 0.0275 0.03125
0 0.84125 0.631875 0.04 0.02875
0 0.635 0.13125 0.025 0.045
0 0.02375 0.1575 0.03 0.035
0 0.0675 0.156875 0.03 0.03375
0 0.43125 0.28375 0.0275 0.0225
0 0.88375 0.40125 0.0325 0.045
0 0.218125 0.16 0.02375 0.0425
0 0.141875 0.16375 0.03375 0.0525
0 0.359375 0.47875 0.03875 0.045
0 0.124375 0.40875 0.04625 0.0475
0 0.10125 0.330625 0.045 0.05625
0 0.31 0.52875 0.0425 0.04
0 0.3625 0.429375 0.04 0.05875
0 0.034375 0.645625 0.04625 0.04875
0 0.628125 0.2325 0.03375 0.0525
0 0.809375 0.240625 0.03375 0.05625
0 0.604375 0.556875 0.03375 0.04625
0 0.248125 0.170625 0.03375 0.03875
