0 0.689375 0.308125 0.01875 0.02625
0 0.24625 0.66875 0.055 0.0675
0 0.223125 0.640625 0.04625 0.05375
0 0.591875 0.321875 0.02375 0.02875
0 0.275 0.483125 0.0175 0.02875
0 0.818125 0.06875 0.03125 0.0425
0 0.146875 0.478125 0.03125 0.02125
0 0.805 0.545625 0.045 0.05125
0 0.4275 0.214375 0.0375 0.05125
0 0.53375 0.58 0.0325 0.035
0 0.31625 0.759375 0.04 0.04125
0 0.296875 0.2925 0.03125 0.0525
0 0.211875 0.231875 0.04125 0.04625
0 0.645625 0.14875 0.02875 0.0525
0 0.256875 0.68375 0.04375 0.0525
