0 0.523125 0.9875 0.02375 0.025
0 0.205625 0.394375 0.02625 0.01625
0 0.485625 0.25625 0.03375 0.0325
0 0.8025 0.341875 0.0275 0.03375
0 0.258125 0.55 0.04625 0.055
0 0.353125 0.413125 0.01375 0.02125
0 0.27875 0.599375 0.0425 0.04125
0 0.82 0.579375 0.0425 0.04375
0 0.703125 0.330625 0.02875 0.03625
0 0.243125 0.38125 0.02875 0.0225
0 0.41875 0.241875 0.0325 0.05375
0 0.03625 0.899375 0.0475 0.03875
0 0.801875 0.173125 0.03875 0.05125
0 0.288125 0.67875 0.03625 0.0475
0 0.366875 0.165625 0.03375 0.04375
0 0.5575 0.564375 0.035 0.04125
0 0.575625 0.19625 0.03125 0.0575
