0 0.83 0.6175 0.0475 0.05
0 0.795 0.3575 0.03 0.0325
0 0.016875 0.25875 0.02375 0.0275
0 0.31 0.48125 0.045 0.055
0 0.140625 0.78625 0.03625 0.04
0 0.531875 0.22375 0.03625 0.0525
0 0.083125 0.230625 0.02875 0.03875
0 0.34 0.32125 0.0275 0.02
0 0.051875 0.508125 0.05625 0.04125
0 0.508125 0.13625 0.03125 0.04
0 0.313125 0.53125 0.04125 0.0475
0 0.019375 0.429375 0.02875 0.03875
0 0.290625 0.598125 0.03625 0.04625
0 0.11875 0.243125 0.0325 0.03875
0 0.025 0.76125 0.04 0.0425
0 0.70375 0.206875 0.0325 0.05625
0 0.5825 0.558125 0.035 0.04625
