0 0.39375 0.28375 0.025 0.02
0 0.105625 0.134375 0.02875 0.03125
0 0.020625 0.15625 0.02875 0.0325
0 0.9875 0.44625 0.025 0.04
0 0.8275 0.62625 0.045 0.045
0 0.06625 0.155625 0.0325 0.03375
0 0.635625 0.131875 0.02375 0.04625
0 0.43125 0.28375 0.0275 0.025
0 0.218125 0.16125 0.02875 0.0475
0 0.035 0.644375 0.05 0.04625
0 0.893125 0.40625 0.03875 0.05
0 0.364375 0.428125 0.04625 0.05125
0 0.10125 0.33 0.045 0.0575
0 0.14125 0.16375 0.035 0.0525
0 0.613125 0.24375 0.03375 0.055
0 0.60375 0.55625 0.0325 0.045
0 0.25375 0.16625 0.03 0.035
0 0.359375 0.46875 0.04125 0.0525
0 0.299375 0.518125 0.04875 0.03625
0 0.809375 0.2525 0.03375 0.05
0 0.128125 0.3975 0.03625 0.055
