0 0.39375 0.28375 0.025 0.02
0 0.10375 0.133125 0.03 0.03375
0 0.84125 0.62875 0.05 0.04
0 0.02 0.155625 0.0275 0.03125
0 0.06625 0.156875 0.0325 0.03625
0 0.635 0.13125 0.025 0.045
0 0.980625 0.45125 0.03875 0.05
0 0.886875 0.400625 0.03125 0.03875
0 0.21875 0.161875 0.0225 0.04125
0 0.43125 0.28375 0.025 0.025
0 0.35875 0.48 0.0375 0.045
0 0.14125 0.16375 0.035 0.0525
0 0.3075 0.525 0.04 0.0375
0 0.6225 0.23625 0.03 0.055
0 0.03375 0.645625 0.0475 0.04875
0 0.10125 0.329375 0.0475 0.05875
0 0.3625 0.429375 0.04 0.05875
0 0.125 0.408125 0.04 0.04625
0 0.604375 0.556875 0.03375 0.04625
0 0.81 0.244375 0.0375 0.05875
0 0.25 0.17 0.035 0.04
