0 0.10375 0.133125 0.03 0.03375
0 0.725 0.2525 0.0225 0.025
0 0.02 0.155625 0.0275 0.03125
0 0.066875 0.15625 0.03125 0.035
0 0.835 0.6325 0.0425 0.055
0 0.635 0.131875 0.025 0.04625
0 0.889375 0.403125 0.03375 0.04625
0 0.300625 0.525 0.04375 0.0375
0 0.430625 0.28375 0.02625 0.025
0 0.14125 0.16375 0.035 0.0525
0 0.981875 0.451875 0.03625 0.05125
0 0.218125 0.16125 0.02375 0.045
0 0.35875 0.48 0.0375 0.045
0 0.618125 0.238125 0.03125 0.05125
0 0.035625 0.645 0.05125 0.045
0 0.12625 0.401875 0.0475 0.05125
0 0.100625 0.329375 0.04625 0.05875
0 0.3625 0.429375 0.04 0.05875
0 0.60375 0.556875 0.0325 0.04625
0 0.253125 0.168125 0.03125 0.03375
0 0.810625 0.248125 0.03625 0.05625
