0 0.335625 0.470625 0.03875 0.03875
0 0.1 0.173125 0.0225 0.02625
0 0.841875 0.624375 0.05375 0.03875
0 0.134375 0.73875 0.03625 0.0425
0 0.14875 0.19 0.0275 0.0425
0 0.571875 0.13 0.02375 0.0425
0 0.38375 0.29875 0.025 0.02
0 0.334375 0.453125 0.04125 0.05875
0 0.840625 0.374375 0.03625 0.04125
0 0.58125 0.223125 0.0325 0.05625
0 0.07375 0.205625 0.0325 0.04875
0 0.054375 0.378125 0.04875 0.05625
0 0.299375 0.561875 0.03625 0.03875
0 0.335 0.504375 0.0425 0.04375
0 0.1825 0.206875 0.0275 0.03875
0 0.086875 0.455 0.05875 0.035
0 0.7575 0.220625 0.0325 0.05125
0 0.025 0.699375 0.0425 0.04125
0 0.591875 0.556875 0.03375 0.04625
