0 0.295625 0.87125 0.07375 0.0525
0 0.1325 0.069375 0.0475 0.04625
0 0.25625 0.864375 0.0675 0.05375
0 0.469375 0.3225 0.03625 0.065
0 0.019375 0.81 0.01875 0.015
0 0.035 0.77 0.03 0.0275
0 0.73375 0.46875 0.0475 0.0475
0 0.635625 0.7675 0.04125 0.045
0 0.498125 0.628125 0.03875 0.03875
0 0.41625 0.064375 0.0275 0.04375
0 0.07 0.48125 0.04 0.05
0 0.17625 0.695625 0.0225 0.03125
0 0.370625 0.403125 0.02875 0.03875
0 0.3125 0.88 0.045 0.0475
0 0.46375 0.88125 0.0375 0.055
0 0.315 0.2025 0.035 0.055
0 0.111875 0.36125 0.05125 0.0475
