0 0.020625 0.74125 0.02125 0.015
0 0.67 0.18625 0.0275 0.0325
0 0.23625 0.8225 0.0625 0.0575
0 0.5125 0.308125 0.045 0.07125
0 0.750625 0.48 0.04875 0.04
0 0.045 0.705 0.0375 0.0325
0 0.495625 0.058125 0.02375 0.03375
0 0.158125 0.460625 0.03125 0.03125
0 0.40875 0.3775 0.03 0.035
0 0.185625 0.65125 0.02375 0.03
0 0.11 0.4375 0.0375 0.05
0 0.42875 0.86625 0.0325 0.0475
0 0.173125 0.32 0.04625 0.05
0 0.290625 0.843125 0.04375 0.04375
0 0.37875 0.183125 0.0325 0.05625
0 0.501875 0.61625 0.04125 0.0375
