0 0.790625 0.978125 0.06625 0.03625
0 0.193125 0.419375 0.03625 0.03125
0 0.02625 0.68625 0.0225 0.015
0 0.055625 0.653125 0.03625 0.02375
0 0.22125 0.779375 0.055 0.05125
0 0.76 0.491875 0.0425 0.04375
0 0.56 0.055625 0.0225 0.03125
0 0.445625 0.35875 0.02625 0.0325
0 0.19875 0.6125 0.0225 0.0325
0 0.401875 0.84875 0.03875 0.0475
0 0.148125 0.399375 0.03625 0.05375
0 0.27625 0.813125 0.04 0.04875
0 0.225 0.288125 0.0425 0.05375
0 0.435625 0.165 0.03375 0.0575
0 0.509375 0.606875 0.03875 0.03875
0 0.021875 0.384375 0.03625 0.04625
