0 0.731875 0.989375 0.05875 0.02125
0 0.7775 0.5125 0.03 0.04
0 0.23875 0.74375 0.0575 0.0575
0 0.0475 0.614375 0.0275 0.01625
0 0.216875 0.7275 0.05375 0.0575
0 0.65375 0.055625 0.025 0.02875
0 0.610625 0.294375 0.05875 0.06875
0 0.016875 0.983125 0.02375 0.03375
0 0.08375 0.583125 0.0325 0.02375
0 0.49875 0.34375 0.0325 0.04
0 0.22125 0.560625 0.0175 0.03125
0 0.36375 0.82 0.04 0.05
0 0.30125 0.25625 0.055 0.0525
0 0.2 0.355625 0.0425 0.05125
0 0.51125 0.15125 0.0325 0.055
0 0.2625 0.764375 0.0425 0.05125
0 0.084375 0.31875 0.04625 0.0475
0 0.515 0.59375 0.04 0.04
