0 0.035 0.101875 0.0575 0.06125
0 0.2875 0.90625 0.06 0.05
0 0.331875 0.0875 0.02875 0.045
0 0.08875 0.57375 0.04 0.035
0 0.714375 0.454375 0.05125 0.04625
0 0.021875 0.89125 0.02875 0.0275
0 0.32875 0.073125 0.04 0.05875
0 0.03875 0.844375 0.0425 0.03375
0 0.333125 0.438125 0.02875 0.04375
0 0.17375 0.748125 0.03 0.03375
0 0.34375 0.91625 0.0425 0.05
0 0.24875 0.234375 0.0375 0.06125
0 0.650625 0.76375 0.03875 0.0475
0 0.494375 0.640625 0.03625 0.03875
0 0.05 0.411875 0.065 0.04625
0 0.03375 0.536875 0.045 0.04875
0 0.5025 0.89125 0.0375 0.055
