0 0.25 0.88125 0.0175 0.03
0 0.52 0.174375 0.025 0.03375
0 0.52 0.140625 0.0325 0.04125
0 0.43875 0.12875 0.0175 0.0525
0 0.240625 0.89125 0.03625 0.035
0 0.2175 0.88375 0.0325 0.035
0 0.359375 0.1625 0.02875 0.0475
0 0.665 0.71125 0.055 0.0525
0 0.359375 0.209375 0.02625 0.04375
0 0.67875 0.359375 0.035 0.05625
0 0.041875 0.724375 0.02875 0.04125
0 0.46875 0.371875 0.0375 0.05375
0 0.723125 0.754375 0.04375 0.05375
0 0.935 0.539375 0.045 0.05875
0 0.28375 0.198125 0.03 0.05125
0 0.495 0.534375 0.035 0.04375
