0 0.52 0.174375 0.025 0.03375
0 0.2425 0.889375 0.03 0.03125
0 0.52 0.140625 0.0325 0.04125
0 0.43875 0.12875 0.0175 0.0525
0 0.25 0.880625 0.0175 0.02875
0 0.665625 0.710625 0.05625 0.05375
0 0.359375 0.161875 0.02875 0.04875
0 0.35875 0.203125 0.0275 0.04375
0 0.473125 0.36875 0.03125 0.0525
0 0.0425 0.725 0.0275 0.0425
0 0.2175 0.885 0.0275 0.035
0 0.7225 0.755 0.0425 0.0525
0 0.935 0.53875 0.045 0.06
0 0.289375 0.205625 0.03125 0.05125
0 0.67875 0.355625 0.035 0.05125
0 0.49375 0.53625 0.035 0.045
