0 0.938125 0.9925 0.03875 0.015
0 0.520625 0.17375 0.02875 0.0375
0 0.470625 0.078125 0.02875 0.06125
0 0.243125 0.881875 0.03875 0.03375
0 0.499375 0.3775 0.04875 0.0725
0 0.660625 0.7125 0.04125 0.05
0 0.523125 0.145625 0.03125 0.05875
0 0.48625 0.36375 0.0375 0.0475
0 0.228125 0.885625 0.04625 0.03875
0 0.0425 0.725 0.0275 0.0425
0 0.339375 0.3025 0.02875 0.0475
0 0.514375 0.39375 0.02875 0.0625
0 0.7225 0.755 0.045 0.055
0 0.365 0.153125 0.0275 0.05125
0 0.934375 0.540625 0.04125 0.05625
0 0.494375 0.543125 0.03625 0.04625
