0 0.52 0.140625 0.03 0.04125
0 0.231875 0.89375 0.03125 0.0275
0 0.43875 0.12875 0.0175 0.0525
0 0.2425 0.89 0.0325 0.0325
0 0.25 0.8825 0.0175 0.03
0 0.36 0.155625 0.0275 0.04875
0 0.668125 0.711875 0.06125 0.05125
0 0.21625 0.884375 0.03 0.03375
0 0.359375 0.20125 0.02375 0.0425
0 0.041875 0.725625 0.02875 0.04125
0 0.723125 0.755625 0.04375 0.05125
0 0.480625 0.3675 0.03875 0.06
0 0.935625 0.53875 0.04375 0.06
0 0.675 0.3525 0.035 0.045
0 0.293125 0.21 0.03375 0.0525
0 0.495 0.54125 0.04 0.0375
