0 0.414375 0.16625 0.02875 0.0375
0 0.46875 0.07125 0.0225 0.0425
0 0.4675 0.106875 0.025 0.03375
0 0.46875 0.08625 0.03 0.0525
0 0.234375 0.903125 0.04875 0.04375
0 0.24875 0.89875 0.02 0.0325
0 0.515 0.13375 0.0375 0.04
0 0.519375 0.179375 0.03125 0.03875
0 0.22 0.90125 0.035 0.0375
0 0.334375 0.314375 0.03125 0.04875
0 0.479375 0.42625 0.04625 0.0475
0 0.04125 0.74 0.0275 0.0425
0 0.458125 0.378125 0.04375 0.04875
0 0.723125 0.77125 0.04375 0.05
0 0.494375 0.55875 0.03875 0.0475
0 0.365 0.140625 0.03 0.05125
0 0.93625 0.5525 0.045 0.06
