0 0.519375 0.1825 0.02875 0.0375
0 0.983125 0.24125 0.01875 0.035
0 0.2425 0.914375 0.0325 0.03125
0 0.519375 0.163125 0.03625 0.05875
0 0.23 0.916875 0.0425 0.03125
0 0.906875 0.775 0.04125 0.0375
0 0.65875 0.735 0.0375 0.0475
0 0.21875 0.911875 0.035 0.03625
0 0.24875 0.90625 0.02 0.03
0 0.039375 0.74625 0.02625 0.045
0 0.365625 0.13625 0.02625 0.0425
0 0.334375 0.3225 0.03125 0.055
0 0.449375 0.384375 0.04625 0.04875
0 0.7225 0.779375 0.045 0.05375
0 0.9375 0.56 0.045 0.06
0 0.46625 0.439375 0.045 0.05375
0 0.494375 0.5625 0.03875 0.05
