0 0.244375 0.911875 0.03375 0.03625
0 0.219375 0.91875 0.03375 0.035
0 0.518125 0.188125 0.02625 0.03625
0 0.658125 0.738125 0.03875 0.05125
0 0.46875 0.089375 0.03 0.05375
0 0.04 0.75125 0.0275 0.0425
0 0.520625 0.168125 0.03375 0.05625
0 0.234375 0.918125 0.04375 0.04375
0 0.335 0.324375 0.03 0.05125
0 0.365625 0.138125 0.02875 0.04625
0 0.460625 0.453125 0.05125 0.04875
0 0.723125 0.785625 0.04125 0.05375
0 0.938125 0.563125 0.04625 0.06125
0 0.4925 0.56625 0.0375 0.045
0 0.44625 0.38875 0.0475 0.05
