0 0.52 0.140625 0.03 0.04375
0 0.43875 0.12875 0.0175 0.0525
0 0.231875 0.893125 0.03125 0.02875
0 0.2425 0.89 0.0325 0.0325
0 0.25 0.8825 0.0175 0.03
0 0.665625 0.710625 0.05875 0.05625
0 0.35875 0.153125 0.03 0.05125
0 0.21625 0.884375 0.03 0.03375
0 0.041875 0.725625 0.02875 0.04125
0 0.35875 0.1975 0.025 0.04
0 0.498125 0.546875 0.04375 0.03625
0 0.668125 0.3525 0.03375 0.0525
0 0.723125 0.755 0.04375 0.0525
0 0.935 0.539375 0.045 0.06125
0 0.29625 0.21375 0.0325 0.0525
0 0.483125 0.36875 0.03875 0.055
