0 0.4125 0.180625 0.025 0.03625
0 0.23875 0.92875 0.0375 0.0325
0 0.211875 0.931875 0.02625 0.03125
0 0.52 0.169375 0.035 0.03875
0 0.2975 0.0925 0.03 0.0475
0 0.46875 0.0925 0.0275 0.055
0 0.224375 0.9325 0.05125 0.04
0 0.658125 0.753125 0.04375 0.05125
0 0.035625 0.764375 0.02625 0.04125
0 0.334375 0.335 0.03125 0.055
0 0.431875 0.409375 0.03875 0.05375
0 0.364375 0.14375 0.02625 0.0475
0 0.4925 0.579375 0.0375 0.04375
0 0.729375 0.803125 0.06375 0.04875
0 0.941875 0.573125 0.03875 0.06375
0 0.445 0.4825 0.045 0.0575
