0 0.21125 0.940625 0.0275 0.03625
0 0.410625 0.180625 0.02375 0.02875
0 0.516875 0.17 0.03125 0.0425
0 0.46875 0.13 0.0225 0.0225
0 0.91125 0.8 0.0525 0.0475
0 0.03375 0.77 0.03 0.0425
0 0.29625 0.095 0.0275 0.0375
0 0.659375 0.76125 0.03875 0.05
0 0.225 0.94125 0.0625 0.0475
0 0.334375 0.33875 0.03125 0.055
0 0.363125 0.149375 0.02875 0.04875
0 0.491875 0.5875 0.03875 0.05
0 0.4225 0.415625 0.0375 0.05625
0 0.7225 0.82 0.065 0.0475
0 0.946875 0.588125 0.04125 0.06375
0 0.438125 0.501875 0.04625 0.05875
