0 0.514375 0.171875 0.02875 0.03875
0 0.30125 0.884375 0.035 0.03125
0 0.3 0.83375 0.0425 0.0325
0 0.660625 0.775 0.04125 0.04
0 0.6625 0.7075 0.045 0.05
0 0.02875 0.7825 0.03 0.0425
0 0.2325 0.953125 0.045 0.04125
0 0.91375 0.81625 0.05 0.0475
0 0.29625 0.10625 0.0275 0.0375
0 0.20875 0.955 0.025 0.035
0 0.411875 0.42625 0.04875 0.0525
0 0.331875 0.3475 0.03125 0.055
0 0.95625 0.608125 0.065 0.05875
0 0.361875 0.158125 0.03125 0.04875
0 0.71 0.84625 0.05 0.0425
0 0.49125 0.596875 0.0425 0.04375
0 0.423125 0.524375 0.04625 0.05125
