0 0.301875 0.89625 0.02875 0.0275
0 0.231875 0.974375 0.04125 0.03125
0 0.5175 0.1825 0.0325 0.0425
0 0.2975 0.848125 0.0425 0.03375
0 0.209375 0.96875 0.03375 0.0375
0 0.664375 0.78625 0.04625 0.055
0 0.660625 0.719375 0.04125 0.05125
0 0.22 0.969375 0.0625 0.04625
0 0.295625 0.1125 0.02625 0.0375
0 0.02625 0.79125 0.025 0.035
0 0.40375 0.439375 0.0475 0.05125
0 0.331875 0.355 0.03125 0.05
0 0.3625 0.1675 0.03 0.0575
0 0.698125 0.861875 0.04875 0.03875
0 0.491875 0.60625 0.04125 0.04
0 0.4125 0.54375 0.0525 0.0425
0 0.955 0.6375 0.0575 0.0525
