0 0.665625 0.3475 0.02625 0.0325
0 0.519375 0.140625 0.03125 0.04125
0 0.233125 0.8975 0.02125 0.0225
0 0.43875 0.128125 0.0175 0.05125
0 0.241875 0.89 0.03375 0.0325
0 0.25 0.881875 0.0175 0.02875
0 0.658125 0.711875 0.04375 0.05125
0 0.216875 0.88375 0.03125 0.035
0 0.359375 0.15125 0.03125 0.0525
0 0.0425 0.725 0.0275 0.0425
0 0.359375 0.1975 0.02875 0.0375
0 0.30125 0.215 0.03 0.0475
0 0.723125 0.755 0.04375 0.0525
0 0.935 0.538125 0.045 0.06125
0 0.49 0.3675 0.045 0.06
0 0.49375 0.543125 0.035 0.04625
