0 0.518125 0.18625 0.03375 0.0425
0 0.52125 0.205 0.0325 0.0425
0 0.21625 0.980625 0.0425 0.03875
0 0.230625 0.98125 0.04125 0.0325
0 0.29625 0.863125 0.045 0.03875
0 0.6625 0.80125 0.0425 0.04
0 0.205 0.9825 0.03 0.035
0 0.661875 0.731875 0.03625 0.05125
0 0.295 0.12 0.03 0.0425
0 0.391875 0.455 0.03875 0.045
0 0.33 0.365 0.03 0.0525
0 0.398125 0.5675 0.05875 0.045
0 0.360625 0.170625 0.02875 0.05125
0 0.684375 0.888125 0.05125 0.04875
0 0.949375 0.65125 0.04625 0.0425
0 0.489375 0.62 0.03875 0.0425
