0 0.409375 0.2075 0.02375 0.0325
0 0.66375 0.739375 0.035 0.04875
0 0.288125 0.0975 0.02625 0.0325
0 0.218125 0.98375 0.04125 0.0325
0 0.295625 0.871875 0.04125 0.04125
0 0.5175 0.19375 0.0325 0.045
0 0.231875 0.984375 0.03625 0.03125
0 0.29375 0.119375 0.0275 0.03875
0 0.20625 0.985 0.03 0.03
0 0.030625 0.830625 0.02125 0.02875
0 0.36 0.173125 0.03 0.04875
0 0.3925 0.58 0.055 0.0525
0 0.950625 0.6575 0.04375 0.0375
0 0.680625 0.899375 0.04375 0.04875
0 0.3825 0.458125 0.0525 0.04875
0 0.329375 0.368125 0.03375 0.05625
0 0.49 0.625 0.0375 0.05
