0 0.216875 0.98625 0.05125 0.0275
0 0.521875 0.209375 0.02875 0.04375
0 0.92125 0.85375 0.0475 0.04
0 0.295625 0.876875 0.03625 0.03375
0 0.230625 0.98625 0.03375 0.0225
0 0.518125 0.19375 0.02875 0.045
0 0.659375 0.74375 0.03625 0.045
0 0.205 0.98875 0.0325 0.02
0 0.665 0.808125 0.05 0.05375
0 0.025625 0.836875 0.03125 0.02625
0 0.29375 0.12 0.0275 0.0425
0 0.38 0.461875 0.0425 0.04875
0 0.385 0.5875 0.055 0.05
0 0.949375 0.6625 0.04625 0.0325
0 0.359375 0.174375 0.02875 0.05125
0 0.67625 0.910625 0.0425 0.04875
0 0.33 0.37125 0.035 0.0525
0 0.490625 0.628125 0.03625 0.04375
