0 0.22 0.98875 0.0475 0.0225
0 0.2025 0.99 0.035 0.0175
0 0.24 0.988125 0.0225 0.02375
0 0.521875 0.210625 0.02875 0.04375
0 0.51875 0.19625 0.03 0.0475
0 0.663125 0.81125 0.04375 0.055
0 0.29375 0.88625 0.0375 0.04
0 0.66 0.74375 0.0375 0.05
0 0.29375 0.12375 0.0275 0.04
0 0.955 0.67 0.0475 0.0375
0 0.359375 0.17625 0.03125 0.0525
0 0.376875 0.463125 0.04125 0.04625
0 0.02125 0.841875 0.03 0.02625
0 0.670625 0.92125 0.04625 0.05
0 0.329375 0.371875 0.03375 0.05375
0 0.49125 0.6325 0.0375 0.0425
0 0.381875 0.59375 0.05875 0.05
