0 0.66375 0.8125 0.04 0.0525
0 0.92375 0.86125 0.0525 0.045
0 0.516875 0.195 0.02875 0.0425
0 0.231875 0.990625 0.04125 0.01375
0 0.220625 0.99 0.05625 0.02
0 0.66125 0.7475 0.0375 0.0475
0 0.298125 0.894375 0.04375 0.04375
0 0.95375 0.675 0.0525 0.0325
0 0.02 0.849375 0.03 0.03125
0 0.37875 0.600625 0.0625 0.04875
0 0.29375 0.125625 0.0275 0.04125
0 0.3725 0.465625 0.0475 0.04625
0 0.35875 0.178125 0.035 0.05625
0 0.490625 0.6325 0.04125 0.0425
0 0.329375 0.373125 0.02875 0.05875
0 0.666875 0.92625 0.04625 0.05
