0 0.40375 0.236875 0.0225 0.03375
0 0.418125 0.149375 0.02625 0.05375
0 0.390625 0.21875 0.02875 0.04
0 0.394375 0.23375 0.03375 0.04
0 0.340625 0.9925 0.03375 0.0125
0 0.36125 0.97625 0.0575 0.045
0 0.703125 0.805625 0.04375 0.04125
0 0.120625 0.180625 0.04375 0.06125
0 0.73375 0.935 0.045 0.06
0 0.21375 0.233125 0.0325 0.05125
0 0.486875 0.664375 0.04125 0.04625
0 0.238125 0.43875 0.04125 0.055
0 0.34875 0.681875 0.0525 0.05375
0 0.298125 0.528125 0.05875 0.05125
0 0.9425 0.618125 0.0525 0.04375
